TemplateId	Name	Kind	ItemType	Icon	BigIcon	CDType	ClassName	DetailType	Intro	ItemValue	Level	ObjID	Price	Quality	RequireLevel	Sellable	Stack	ExtParam1	ExtParam2	ExtParam3	ExtParam4	ExtParam5	ExtParam6	ExtParam7	ExtParam8	ExtParam9	ExtParam10	ShowType
4058	松木床	Furniture_chuang_1	34	4058	4058		FurnitureItem	999	松木製成的床，紋理天然美觀，經久耐用，物美而價廉\n\n[FFFE0D]擺放後，可以點擊進行使用[-]	600000	1	1	1000	2	1	1	99999	1										
4059	樺木床	Furniture_chuang_2	34	4059	4059		FurnitureItem	999	樺木製成的床，床頭系有紅結，象徵幸福平安\n\n[FFFE0D]擺放後，可以點擊進行使用[-]	1500000	1	1	1000	3	1	1	99999	2										
4060	江楓漁火	Furniture_chuang_3	34	4060	4060		FurnitureItem	999	以楓葉之色裝飾而成的大床，床頭掛以長明燈，祈求夜夜團圓\n\n[FFFE0D]擺放後，可以點擊進行使用[-]	3000000	1	1	1000	4	1	1	99999	3										
4061	紅鸞棲枝	Furniture_chuang_4	34	4061	4061		FurnitureItem	999	朱紅色的大床，床頭配以繪有連理枝的畫扇，寓意長相廝守\n\n[FFFE0D]擺放後，可以點擊進行使用[-]	8000000	1	1	1000	5	1	1	99999	4										
4062	金龍戲珠	Furniture_chuang_5	34	4062	4062		FurnitureItem	999	散發出陣陣清香的厚重木床，以黃金鑄成雙龍作為裝飾，極盡奢華。「紅鯉戲明珠，金龍遊天雲」\n\n[FFFE0D]擺放後，可以點擊進行使用[-]	16000000	1	1	1000	6	1	1	99999	5										
4063	松木櫥櫃	Furniture_guizi_1	34	4063	4063		FurnitureItem	999	松木製成的櫥櫃，紋理天然美觀，經久耐用，物美而價廉\n\n[FFFE0D]擺放後，可以點擊進行使用[-]	300000	1	1	1000	2	1	1	99999	501										
4064	樺木櫥櫃	Furniture_guizi_2	34	4064	4064		FurnitureItem	999	樺木製成的櫥櫃，色澤較深，看上去厚重沉穩，堅固牢靠\n\n[FFFE0D]擺放後，可以點擊進行使用[-]	750000	1	1	1000	3	1	1	99999	502										
4065	墨香櫥櫃	Furniture_guizi_3	34	4065	4065		FurnitureItem	999	以墨藍色清漆均勻上色的櫥櫃，隱隱滲出一股淡淡的墨香\n\n[FFFE0D]擺放後，可以點擊進行使用[-]	1500000	1	1	1000	4	1	1	99999	503										
4066	幻彩流光櫥櫃	Furniture_guizi_4	34	4066	4066		FurnitureItem	999	色澤多變明亮的櫥櫃，光華流轉，置身其中，恍如誤入仙境\n\n[FFFE0D]擺放後，可以點擊進行使用[-]	3000000	1	1	1000	5	1	1	99999	504										
4068	紫檀鎏金櫥櫃	Furniture_guizi_5	34	4068	4068		FurnitureItem	999	以上等紫檀木製成的櫥櫃，以黃金描邊，高貴大氣之餘不顯粗俗，多為大戶人家所用\n\n[FFFE0D]擺放後，可以點擊進行使用[-]	6000000	1	1	1000	6	1	1	99999	505										
4067	松木書架	Furniture_guizi_6	34	4067	4067		FurnitureItem	999	松木製成的書架，紋理天然美觀，經久耐用，物美而價廉	300000	1	1	1000	2	1	1	99999	506										
4069	樺木書架	Furniture_guizi_7	34	4069	4069		FurnitureItem	999	樺木製成的書架，色澤較深，看上去厚重沉穩，堅固牢靠	750000	1	1	1000	3	1	1	99999	507										
4070	墨香書架	Furniture_guizi_8	34	4070	4070		FurnitureItem	999	以墨藍色清漆均勻上色的書架，隱隱滲出一股淡淡的墨香	1500000	1	1	1000	4	1	1	99999	508										
4071	幻彩流光書架	Furniture_guizi_9	34	4071	4071		FurnitureItem	999	色澤多變明亮的書架，光華流轉，置身其中，恍如誤入仙境	3000000	1	1	1000	5	1	1	99999	509										
4072	紫檀鎏金書架	Furniture_guizi_10	34	4072	4072		FurnitureItem	999	以上等紫檀木製成的書架，以黃金描邊，高貴大氣之餘不顯粗俗，多為大戶人家所用	6000000	1	1	1000	6	1	1	99999	510										
4073	松木博古架	Furniture_guizi_11	34	4073	4073		FurnitureItem	999	松木製成的博古架，紋理天然美觀，經久耐用，物美而價廉	300000	1	1	1000	2	1	1	99999	511										
4074	樺木博古架	Furniture_guizi_12	34	4074	4074		FurnitureItem	999	樺木製成的博古架，色澤較深，看上去厚重沉穩，堅固牢靠	750000	1	1	1000	3	1	1	99999	512										
4075	墨香博古架	Furniture_guizi_13	34	4075	4075		FurnitureItem	999	以墨藍色清漆均勻上色的博古架，隱隱滲出一股淡淡的墨香	1500000	1	1	1000	4	1	1	99999	513										
4076	幻彩流光博古架	Furniture_guizi_14	34	4076	4076		FurnitureItem	999	色澤多變明亮的博古架，光華流轉，置身其中，恍如誤入仙境	3000000	1	1	1000	5	1	1	99999	514										
4077	紫檀鎏金博古架	Furniture_guizi_15	34	4077	4077		FurnitureItem	999	以上等紫檀木製成的博古架，以黃金描邊，高貴大氣之餘不顯粗俗，多為大戶人家所用	6000000	1	1	1000	6	1	1	99999	515										
4078	松木雜物架	Furniture_guizi_16	34	4078	4078		FurnitureItem	999	松木製成的雜物架，紋理天然美觀，經久耐用，物美而價廉	300000	1	1	1000	2	1	1	99999	516										
4079	樺木雜物架	Furniture_guizi_17	34	4079	4079		FurnitureItem	999	樺木製成的雜物架，色澤較深，看上去厚重沉穩，堅固牢靠	750000	1	1	1000	3	1	1	99999	517										
4080	墨香雜物架	Furniture_guizi_18	34	4080	4080		FurnitureItem	999	以墨藍色清漆均勻上色的雜物架，隱隱滲出一股淡淡的墨香	1500000	1	1	1000	4	1	1	99999	518										
4081	幻彩流光雜物架	Furniture_guizi_19	34	4081	4081		FurnitureItem	999	色澤多變明亮的雜物架，光華流轉，置身其中，恍如誤入仙境	3000000	1	1	1000	5	1	1	99999	519										
4082	紫檀鎏金雜物架	Furniture_guizi_20	34	4082	4082		FurnitureItem	999	以上等紫檀木製成的雜物架，以黃金描邊，高貴大氣之餘不顯粗俗，多為大戶人家所用	6000000	1	1	1000	6	1	1	99999	520										
4083	松木多寶格	Furniture_guizi_21	34	4083	4083		FurnitureItem	999	松木製成的多寶格，紋理天然美觀，經久耐用，物美而價廉	300000	1	1	1000	2	1	1	99999	521										
4084	樺木多寶格	Furniture_guizi_22	34	4084	4084		FurnitureItem	999	樺木製成的多寶格，色澤較深，看上去厚重沉穩，堅固牢靠	750000	1	1	1000	3	1	1	99999	522										
4085	墨香多寶格	Furniture_guizi_23	34	4085	4085		FurnitureItem	999	以墨藍色清漆均勻上色的多寶格，隱隱滲出一股淡淡的墨香	1500000	1	1	1000	4	1	1	99999	523										
4086	幻彩流光多寶格	Furniture_guizi_24	34	4086	4086		FurnitureItem	999	色澤多變明亮的多寶格，光華流轉，置身其中，恍如誤入仙境	3000000	1	1	1000	5	1	1	99999	524										
4087	紫檀鎏金多寶格	Furniture_guizi_25	34	4087	4087		FurnitureItem	999	以上等紫檀木製成的多寶格，以黃金描邊，高貴大氣之餘不顯粗俗，多為大戶人家所用	6000000	1	1	1000	6	1	1	99999	525										
4088	松木小方櫃	Furniture_guizi_26	34	4088	4088		FurnitureItem	999	松木製成的小方櫃，紋理天然美觀，經久耐用，物美而價廉	300000	1	1	1000	2	1	1	99999	526										
4089	樺木小方櫃	Furniture_guizi_27	34	4089	4089		FurnitureItem	999	樺木製成的小方櫃，色澤較深，看上去厚重沉穩，堅固牢靠	750000	1	1	1000	3	1	1	99999	527										
4090	墨香小方櫃	Furniture_guizi_28	34	4090	4090		FurnitureItem	999	以墨藍色清漆均勻上色的小方櫃，隱隱滲出一股淡淡的墨香	1500000	1	1	1000	4	1	1	99999	528										
4091	幻彩流光小方櫃	Furniture_guizi_29	34	4091	4091		FurnitureItem	999	色澤多變明亮的小方櫃，光華流轉，置身其中，恍如誤入仙境	3000000	1	1	1000	5	1	1	99999	529										
4092	紫檀鎏金小方櫃	Furniture_guizi_30	34	4092	4092		FurnitureItem	999	以上等紫檀木製成的小方櫃，以黃金描邊，高貴大氣之餘不顯粗俗，多為大戶人家所用	6000000	1	1	1000	6	1	1	99999	530										
4093	松木方桌	Furniture_zhuozi_1	34	4093	4093		FurnitureItem	999	松木製成的方桌，紋理天然美觀，經久耐用，物美而價廉	300000	1	1	1000	2	1	1	99999	1001										
4094	樺木方桌	Furniture_zhuozi_2	34	4094	4094		FurnitureItem	999	樺木製成的方桌，色澤較深，看上去厚重沉穩，堅固牢靠	750000	1	1	1000	3	1	1	99999	1002										
4095	墨香圓桌	Furniture_zhuozi_3	34	4095	4095		FurnitureItem	999	以墨藍色清漆均勻上色的圓桌，隱隱滲出一股淡淡的墨香	1500000	1	1	1000	4	1	1	99999	1003										
4096	幻彩流光圓桌	Furniture_zhuozi_4	34	4096	4096		FurnitureItem	999	色澤多變明亮的圓桌，光華流轉，置身其中，恍如誤入仙境	3000000	1	1	1000	5	1	1	99999	1004										
4097	紫檀鎏金圓桌	Furniture_zhuozi_5	34	4097	4097		FurnitureItem	999	以上等紫檀木製成的圓桌，以黃金描邊，高貴大氣之餘不顯粗俗，多為大戶人家所用	6000000	1	1	1000	6	1	1	99999	1005										
4098	松木案	Furniture_zhuozi_6	34	4098	4098		FurnitureItem	999	松木製成的木案，紋理天然美觀，經久耐用，物美而價廉	300000	1	1	1000	2	1	1	99999	1006										
4099	樺木案	Furniture_zhuozi_7	34	4099	4099		FurnitureItem	999	樺木製成的木案，色澤較深，看上去厚重沉穩，堅固牢靠	750000	1	1	1000	3	1	1	99999	1007										
4100	墨香案	Furniture_zhuozi_8	34	4100	4100		FurnitureItem	999	以墨藍色清漆均勻上色的木案，隱隱滲出一股淡淡的墨香	1500000	1	1	1000	4	1	1	99999	1008										
4101	幻彩流光案	Furniture_zhuozi_9	34	4101	4101		FurnitureItem	999	色澤多變明亮的木案，光華流轉，置身其中，恍如誤入仙境	3000000	1	1	1000	5	1	1	99999	1009										
4102	紫檀鎏金案	Furniture_zhuozi_10	34	4102	4102		FurnitureItem	999	以上等紫檀木製成的木案，以黃金描邊，高貴大氣之餘不顯粗俗，多為大戶人家所用	6000000	1	1	1000	6	1	1	99999	1010										
4103	松木方案	Furniture_zhuozi_11	34	4103	4103		FurnitureItem	999	松木製成的方案，紋理天然美觀，經久耐用，物美而價廉	300000	1	1	1000	2	1	1	99999	1011										
4104	樺木方案	Furniture_zhuozi_12	34	4104	4104		FurnitureItem	999	樺木製成的方案，色澤較深，看上去厚重沉穩，堅固牢靠	750000	1	1	1000	3	1	1	99999	1012										
4105	墨香方案	Furniture_zhuozi_13	34	4105	4105		FurnitureItem	999	以墨藍色清漆均勻上色的方案，隱隱滲出一股淡淡的墨香	1500000	1	1	1000	4	1	1	99999	1013										
4106	幻彩流光方案	Furniture_zhuozi_14	34	4106	4106		FurnitureItem	999	色澤多變明亮的方案，光華流轉，置身其中，恍如誤入仙境	3000000	1	1	1000	5	1	1	99999	1014										
4107	紫檀鎏金方案	Furniture_zhuozi_15	34	4107	4107		FurnitureItem	999	以上等紫檀木製成的方案，以黃金描邊，高貴大氣之餘不顯粗俗，多為大戶人家所用	6000000	1	1	1000	6	1	1	99999	1015										
4108	松木翹頭案	Furniture_zhuozi_16	34	4108	4108		FurnitureItem	999	松木製成的翹頭案，紋理天然美觀，經久耐用，物美而價廉	300000	1	1	1000	2	1	1	99999	1016										
4109	樺木翹頭案	Furniture_zhuozi_17	34	4109	4109		FurnitureItem	999	樺木製成的翹頭案，色澤較深，看上去厚重沉穩，堅固牢靠	750000	1	1	1000	3	1	1	99999	1017										
4110	墨香翹頭案	Furniture_zhuozi_18	34	4110	4110		FurnitureItem	999	以墨藍色清漆均勻上色的翹頭案，隱隱滲出一股淡淡的墨香	1500000	1	1	1000	4	1	1	99999	1018										
4111	幻彩流光翹頭案	Furniture_zhuozi_19	34	4111	4111		FurnitureItem	999	色澤多變明亮的翹頭案，光華流轉，置身其中，恍如誤入仙境	3000000	1	1	1000	5	1	1	99999	1019										
4112	紫檀鎏金翹頭案	Furniture_zhuozi_20	34	4112	4112		FurnitureItem	999	以上等紫檀木製成的翹頭案，以黃金描邊，高貴大氣之餘不顯粗俗，多為大戶人家所用	6000000	1	1	1000	6	1	1	99999	1020										
4113	松木盆景架	Furniture_zhuozi_21	34	4113	4113		FurnitureItem	999	松木製成的盆景架，紋理天然美觀，經久耐用，物美而價廉	300000	1	1	1000	2	1	1	99999	1021										
4114	樺木盆景架	Furniture_zhuozi_22	34	4114	4114		FurnitureItem	999	樺木製成的盆景架，色澤較深，看上去厚重沉穩，堅固牢靠	750000	1	1	1000	3	1	1	99999	1022										
4115	墨香盆景架	Furniture_zhuozi_23	34	4115	4115		FurnitureItem	999	以墨藍色清漆均勻上色的盆景架，隱隱滲出一股淡淡的墨香	1500000	1	1	1000	4	1	1	99999	1023										
4116	幻彩流光盆景架	Furniture_zhuozi_24	34	4116	4116		FurnitureItem	999	色澤多變明亮的盆景架，光華流轉，置身其中，恍如誤入仙境	3000000	1	1	1000	5	1	1	99999	1024										
4117	紫檀鎏金盆景架	Furniture_zhuozi_25	34	4117	4117		FurnitureItem	999	以上等紫檀木製成的盆景架，以黃金描邊，高貴大氣之餘不顯粗俗，多為大戶人家所用	6000000	1	1	1000	6	1	1	99999	1025										
4118	松木棋盤	Furniture_zhuozi_26	34	4118	4118		FurnitureItem	999	松木製成的棋盤，紋理天然美觀，經久耐用，物美而價廉	300000	1	1	1000	2	1	1	99999	1026										
4119	樺木棋盤	Furniture_zhuozi_27	34	4119	4119		FurnitureItem	999	樺木製成的棋盤，色澤較深，看上去厚重沉穩，堅固牢靠	750000	1	1	1000	3	1	1	99999	1027										
4120	墨香棋盤	Furniture_zhuozi_28	34	4120	4120		FurnitureItem	999	以墨藍色清漆均勻上色的棋盤，隱隱滲出一股淡淡的墨香	1500000	1	1	1000	4	1	1	99999	1028										
4121	幻彩流光棋盤	Furniture_zhuozi_29	34	4121	4121		FurnitureItem	999	色澤多變明亮的棋盤，光華流轉，置身其中，恍如誤入仙境	3000000	1	1	1000	5	1	1	99999	1029										
4122	紫檀鎏金棋盤	Furniture_zhuozi_30	34	4122	4122		FurnitureItem	999	以上等紫檀木製成的棋盤，以黃金描邊，高貴大氣之餘不顯粗俗，多為大戶人家所用	6000000	1	1	1000	6	1	1	99999	1030										
4123	稻禾蒲團	Furniture_yizi_1	34	4123	4123		FurnitureItem	999	以稻禾糅合而成的蒲團，表面較為粗糙，多為普通人家使用	100000	1	1	1000	2	1	1	99999	1501										
4124	筍殼蒲團	Furniture_yizi_2	34	4124	4124		FurnitureItem	999	以筍殼填充，面料縫製而成的蒲團，尚算舒適且價格較為低廉	250000	1	1	1000	3	1	1	99999	1502										
4125	紫羅蘭	Furniture_yizi_3	34	4125	4125		FurnitureItem	999	以淡紫色中等布料縫製而成，上有簡單刺繡，質地較軟，已臻至佳品之列	500000	1	1	1000	4	1	1	99999	1503										
4126	冷玉琅繯	Furniture_yizi_4	34	4126	4126		FurnitureItem	999	以杏黃色上等布料縫製而成，以金絲繡成玉佩之形，織工精細，已屬上品	1000000	1	1	1000	5	1	1	99999	1504										
4127	紫玉成煙	Furniture_yizi_5	34	4127	4127		FurnitureItem	999	以絳紫色宮廷布料縫製而成，柔軟舒適，如坐雲端，輔以描金雲紋，高貴典雅	2000000	1	1	1000	6	1	1	99999	1505										
4128	粗麻方墊	Furniture_yizi_6	34	4128	4128		FurnitureItem	999	粗麻繡制而成的坐墊，質地較硬，多為普通人家使用	100000	1	1	1000	2	1	1	99999	1506										
4129	棉質方墊	Furniture_yizi_7	34	4129	4129		FurnitureItem	999	在棉質布面上繡制蘭花紋理的坐墊，改善了填充料的品質，使之更為舒適	250000	1	1	1000	3	1	1	99999	1507										
4130	幽芳	Furniture_yizi_8	34	4130	4130		FurnitureItem	999	傳聞西域有一奇花，晨露附於其上色澤如血，香氣彌漫，以此花露染制而成的紫藍色坐墊	500000	1	1	1000	4	1	1	99999	1508										
4131	紅塵客夢	Furniture_yizi_9	34	4131	4131		FurnitureItem	999	傳聞昔日李靖拜訪楊素時，紅拂芳心默許，故偷換坐墊，以期李靖察覺。後兩人佳話流傳於世，故多有仿製	1000000	1	1	1000	5	1	1	99999	1509										
4132	金蘭	Furniture_yizi_10	34	4132	4132		FurnitureItem	999	燦金色的坐墊，奢華富貴，以燙金蠶絲繡金色蘭花，更彰顯貴氣，非大富大貴之家不可用之	2000000	1	1	1000	6	1	1	99999	1510										
4133	松木長凳	Furniture_yizi_11	34	4133	4133		FurnitureItem	999	松木製成的長凳，紋理天然美觀，經久耐用，物美而價廉\n\n[FFFE0D]擺放後，可以點擊進行使用[-]	100000	1	1	1000	2	1	1	99999	1511										
4134	樺木長凳	Furniture_yizi_12	34	4134	4134		FurnitureItem	999	樺木製成的長凳，色澤較深，看上去厚重沉穩，堅固牢靠\n\n[FFFE0D]擺放後，可以點擊進行使用[-]	250000	1	1	1000	3	1	1	99999	1512										
4135	墨香圓凳	Furniture_yizi_13	34	4135	4135		FurnitureItem	999	以墨藍色清漆均勻上色的圓凳，隱隱滲出一股淡淡的墨香\n\n[FFFE0D]擺放後，可以點擊進行使用[-]	500000	1	1	1000	4	1	1	99999	1513										
4136	幻彩流光圓凳	Furniture_yizi_14	34	4136	4136		FurnitureItem	999	色澤多變明亮的圓凳，光華流轉，置身其中，恍如誤入仙境\n\n[FFFE0D]擺放後，可以點擊進行使用[-]	1000000	1	1	1000	5	1	1	99999	1514										
4137	紫檀鎏金圓凳	Furniture_yizi_15	34	4137	4137		FurnitureItem	999	以上等紫檀木製成的圓凳，以黃金描邊，高貴大氣之餘不顯粗俗，多為大戶人家所用\n\n[FFFE0D]擺放後，可以點擊進行使用[-]	2000000	1	1	1000	6	1	1	99999	1515										
4138	松木椅	Furniture_yizi_16	34	4138	4138		FurnitureItem	999	松木製成的凳子，紋理天然美觀，經久耐用，物美而價廉\n\n[FFFE0D]擺放後，可以點擊進行使用[-]	100000	1	1	1000	2	1	1	99999	1516										
4139	核桃木扶手椅	Furniture_yizi_17	34	4139	4139		FurnitureItem	999	朱紅色的靠椅，結實耐用，不失檔次，多為家境較好的人家用於大堂待客\n\n[FFFE0D]擺放後，可以點擊進行使用[-]	500000	1	1	1000	4	1	1	99999	1517										
4140	朱丹描金椅	Furniture_yizi_18	34	4140	4140		FurnitureItem	999	以上等紫檀木製成的太師椅，以黃金描邊，一眼望去，便知坐於其上之人定為貴人\n\n[FFFE0D]擺放後，可以點擊進行使用[-]	2000000	1	1	1000	6	1	1	99999	1518										
4141	松木浴盆	Furniture_yugang_1	34	4141	4141		FurnitureItem	999	松木製成的浴盆，紋理天然美觀，經久耐用，物美而價廉 \n\n[FFFE0D]擺放後的【浴盆】類傢俱，可以點擊進行使用操作[-]	600000	1	1	1000	2	1	1	99999	2001										
4142	樺木浴盆	Furniture_yugang_2	34	4142	4142		FurnitureItem	999	樺木製成的浴盆，色澤較深，看上去厚重沉穩，堅固牢靠 \n\n[FFFE0D]擺放後的【浴盆】類傢俱，可以點擊進行使用操作[-]	1500000	1	1	1000	3	1	1	99999	2002										
4143	墨香浴盆	Furniture_yugang_3	34	4143	4143		FurnitureItem	999	以墨藍色清漆均勻上色的浴盆，隱隱滲出一股淡淡的墨香 \n\n[FFFE0D]擺放後的【浴盆】類傢俱，可以點擊進行使用操作[-]	3000000	1	1	1000	4	1	1	99999	2003										
4144	鏡花水月	Furniture_yugang_4	34	4144	4144		FurnitureItem	999	色澤多變明亮的浴盆，光華流轉，置身其中，恍如誤入仙境 \n\n[FFFE0D]擺放後的【浴盆】類傢俱，可以點擊進行使用操作[-]	8000000	1	1	1000	5	1	1	99999	2004										
4145	瓊瑤碧落	Furniture_yugang_5	34	4145	4145		FurnitureItem	999	以上等紫檀木製成的浴盆，以黃金描邊，高貴大氣之餘不顯粗俗，多為大戶人家所用 \n\n[FFFE0D]擺放後的【浴盆】類傢俱，可以點擊進行使用操作[-]	16000000	1	1	1000	6	1	1	99999	2005										
4146	虎嘯山林	Furniture_dabaishe_1	34	4146	4146		FurnitureItem	999	以百獸之王——虎皮製成的地毯，彰顯王者之氣	3000000	1	1	1000	5	1	1	99999	2501										
4147	飛熊入夢	Furniture_dabaishe_2	34	4147	4147		FurnitureItem	999	以珍貴白熊皮製成的地毯，柔軟厚實，非高官大賈不可得之\n「自從叩角歌聲歇，無複飛熊入夢中」	6000000	1	1	1000	6	1	1	99999	2502										
4148	星懸長空（中）	Furniture_dabaishe_3	34	4148	4148		FurnitureItem	999	以深藍色布料編織而成的中型地毯，仿製天空，其上以彩色絲線繡有繁星，一眼望上去滿目琳琅	750000	1	1	1000	3	1	1	99999	2503										
4149	海枯石爛（中）	Furniture_dabaishe_4	34	4149	4149		FurnitureItem	999	以褐色布料仿製大地，以藍色布料仿製流水，據聞乃萬金財定制\n「嘿嘿，我老萬做的地毯，海沽石爛，永不損壞！」	1500000	1	1	1000	4	1	1	99999	2504										
4150	火鳳金鸞地衣（中）	Furniture_dabaishe_5	34	4150	4150		FurnitureItem	999	傳聞世上有一對神鳥，名鸞鳳，情比金堅，不離不棄，其羽絢麗多姿，光華奪目，後有繡坊以其名製成地衣。	3000000	1	1	1000	5	1	1	99999	2505										
4151	金榜提名（中）	Furniture_dabaishe_6	34	4151	4151		FurnitureItem	999	富貴人家為家中子嗣預先定制，期望他有朝一日能夠金榜題名。以金絲一針一線縫製，耗時驚人，非技藝極高之人不可繡制	6000000	1	1	1000	6	1	1	99999	2506										
4152	星懸長空（大）	Furniture_dabaishe_7	34	4152	4152		FurnitureItem	999	以深藍色布料編織而成的中型地毯，仿製天空，其上以彩色絲線繡有繁星，一眼望上去滿目琳琅	750000	1	1	1000	3	1	1	99999	2507										
4153	海枯石爛（大）	Furniture_dabaishe_8	34	4153	4153		FurnitureItem	999	以褐色布料仿製大地，以藍色布料仿製流水，據聞乃萬金財定制\n「嘿嘿，我老萬做的地毯，海沽石爛，永不損壞！」	1500000	1	1	1000	4	1	1	99999	2508										
4154	火鳳金鸞地衣（大）	Furniture_dabaishe_9	34	4154	4154		FurnitureItem	999	傳聞世上有一對神鳥，名鸞鳳，情比金堅，不離不棄，其羽絢麗多姿，光華奪目，後有繡坊以其名製成地衣。	3000000	1	1	1000	5	1	1	99999	2509										
4155	金榜提名（大）	Furniture_dabaishe_10	34	4155	4155		FurnitureItem	999	富貴人家為家中子嗣預先定制，期望他有朝一日能夠金榜題名。以金絲一針一線縫製，耗時驚人，非技藝極高之人不可繡制	6000000	1	1	1000	6	1	1	99999	2510										
4156	幻彩流光地衣（中）	Furniture_dabaishe_11	34	4156	4156		FurnitureItem	999	色澤多變明亮的地衣，光華流轉，置身其中，恍如誤入仙境	3000000	1	1	1000	5	1	1	99999	2511										
4157	幻彩流光地衣（大）	Furniture_dabaishe_12	34	4157	4157		FurnitureItem	999	色澤多變明亮的地衣，光華流轉，置身其中，恍如誤入仙境	3000000	1	1	1000	5	1	1	99999	2512										
4221	松木錦盒	Furniture_zhongbaishe_1	34	4221	4221		FurnitureItem	999	松木製成的錦盒，紋理天然美觀，經久耐用，物美而價廉，多用於存放物件	200000	1	1	1000	2	1	1	99999	3001										
4222	百寶箱	Furniture_zhongbaishe_2	34	4222	4222		FurnitureItem	999	華貴的寶盒，多用於珍藏女子首飾或是珍貴之物，盒子本身已是價值不菲	1000000	1	1	1000	4	1	1	99999	3002										
4223	雙龍銜珠	Furniture_zhongbaishe_3	34	4223	4223		FurnitureItem	999	極盡奢華的寶箱，單箱上的夜明珠已是價值千金，兩條金龍亦是黃金鑄成，不知其中究竟藏有何等珍貴之物	4000000	1	1	1000	6	1	1	99999	3003										
4224	金枝玉葉（合）	Furniture_zhongbaishe_4	34	4224	4224		FurnitureItem	999	大戶之家常用的屏風，通體金色，故唯有身份尊貴之人方可使用	500000	1	1	1000	3	1	1	99999	3004										
4225	寒梅傲雪	Furniture_zhongbaishe_5	34	4225	4225		FurnitureItem	999	栽種于方形花盆中的寒梅，梅開百花之先，生於嚴寒，獨天下而春，令人欽佩	2000000	1	1	1000	5	1	1	99999	3005										
4226	青松迎客	Furniture_zhongbaishe_6	34	4226	4226		FurnitureItem	999	有名家造訪黃山，觀其青松之態，耗費數年精力栽培的盆景，實屬有價無市的珍貴之物	4000000	1	1	1000	6	1	1	99999	3006										
4227	粗麻屏風	Furniture_zhongbaishe_7	34	4227	4227		FurnitureItem	999	普通人家常用的屏風，笨重簡陋，較為不便，但價格低廉，可做遮擋之用	200000	1	1	1000	2	1	1	99999	3007										
4228	金枝玉葉（張）	Furniture_zhongbaishe_8	34	4228	4228		FurnitureItem	999	大戶之家常用的屏風，通體金色，故唯有身份尊貴之人方可使用	500000	1	1	1000	3	1	1	99999	3008										
4229	太嶽入雲	Furniture_zhongbaishe_9	34	4229	4229		FurnitureItem	999	有畫師遍訪名山，觀其形，悟其神，將其直聳入雲的氣勢繪于屏風之上	1000000	1	1	1000	4	1	1	99999	3009										
4230	三生連理	Furniture_zhongbaishe_10	34	4230	4230		FurnitureItem	999	屏風共分三面，意三生三世，枝芽分處三面之上，意為三生三世，共結連理	2000000	1	1	1000	5	1	1	99999	3010										
4231	星懸長空（小）	Furniture_zhongbaishe_11	34	4231	4231		FurnitureItem	999	以深藍色布料編織而成的中型地毯，仿製天空，其上以彩色絲線繡有繁星，一眼望上去滿目琳琅	500000	1	1	1000	3	1	1	99999	3011										
4232	海枯石爛（小）	Furniture_zhongbaishe_12	34	4232	4232		FurnitureItem	999	以褐色布料仿製大地，以藍色布料仿製流水，據聞乃萬金財定制\n「嘿嘿，我老萬做的地毯，海沽石爛，永不損壞！」	1000000	1	1	1000	4	1	1	99999	3012										
4233	火鳳金鸞地衣（小）	Furniture_zhongbaishe_13	34	4233	4233		FurnitureItem	999	傳聞世上有一對神鳥，名鸞鳳，情比金堅，不離不棄，其羽絢麗多姿，光華奪目，後有繡坊以其名製成地衣。	2000000	1	1	1000	5	1	1	99999	3013										
4234	金榜提名（小）	Furniture_zhongbaishe_14	34	4234	4234		FurnitureItem	999	富貴人家為家中子嗣預先定制，期望他有朝一日能夠金榜題名。以金絲一針一線縫製，耗時驚人，非技藝極高之人不可繡制	4000000	1	1	1000	6	1	1	99999	3014										
4235	銅雀香爐	Furniture_zhongbaishe_15	34	4235	4235		FurnitureItem	999	較為簡陋的銅雀香爐，多為一般子弟所用，香氣較淡，僅作助眠之用\n\n[FFFE0D]擺放後，可以點擊進行使用[-]	200000	1	1	1000	2	1	1	99999	3015										
4236	玉蓮香爐	Furniture_zhongbaishe_16	34	4236	4236		FurnitureItem	999	以青玉雕刻而成的蓮花狀香爐，其內含有香料，能夠安定心神，令人心曠神怡\n\n[FFFE0D]擺放後，可以點擊進行使用[-]	500000	1	1	1000	3	1	1	99999	3016										
4237	熟銅香爐	Furniture_zhongbaishe_17	34	4237	4237		FurnitureItem	999	爐中空間較大，多用於大堂之上，人數較多的場合，能夠讓香氣快速擴散\n\n[FFFE0D]擺放後，可以點擊進行使用[-]	1000000	1	1	1000	4	1	1	99999	3017										
4238	七繡雲香	Furniture_zhongbaishe_18	34	4238	4238		FurnitureItem	999	爐身繪有七彩雲霞，象徵如意吉祥，其香可沿爐蓋攀爬而上，令香氣聚而不散\n\n[FFFE0D]擺放後，可以點擊進行使用[-]	2000000	1	1	1000	5	1	1	99999	3018										
4239	翠玉爐襯紫金葫蘆	Furniture_zhongbaishe_19	34	4239	4239		FurnitureItem	999	工藝極高的匠師方可製作的名器，翠玉爐與紫金葫蘆可分別放置不同香料，兩者相合，異香彌漫，令人恍如身臨吸仙境\n\n[FFFE0D]擺放後，可以點擊進行使用[-]	4000000	1	1	1000	6	1	1	99999	3019										
5225	幻彩流光地衣（小）	Furniture_zhongbaishe_20	34	5225	5225		FurnitureItem	999	色澤多變明亮的地衣，光華流轉，置身其中，恍如誤入仙境	2000000	1	1	1000	5	1	1	99999	3020										
4162	松木燈	Furniture_xiaobaishe_1	34	4162	4162		FurnitureItem	999	松木製成的燈，紋理天然美觀，經久耐用，物美而價廉\n\n[FFFE0D]擺放後，可以點擊進行使用[-]	100000	1	1	1000	2	1	1	99999	3501										
4163	樺木燈	Furniture_xiaobaishe_2	34	4163	4163		FurnitureItem	999	樺木製成的燈，色澤較深，看上去厚重沉穩，堅固牢靠\n\n[FFFE0D]擺放後，可以點擊進行使用[-]	250000	1	1	1000	3	1	1	99999	3502										
4164	墨香燈	Furniture_xiaobaishe_3	34	4164	4164		FurnitureItem	999	以墨藍色清漆均勻上色的燈，隱隱滲出一股淡淡的墨香\n\n[FFFE0D]擺放後，可以點擊進行使用[-]	500000	1	1	1000	4	1	1	99999	3503										
4165	幻彩流光燈	Furniture_xiaobaishe_4	34	4165	4165		FurnitureItem	999	色澤多變明亮的燈，光華流轉，置身其中，恍如誤入仙境\n\n[FFFE0D]擺放後，可以點擊進行使用[-]	1000000	1	1	1000	5	1	1	99999	3504										
4166	紫檀鎏金燈	Furniture_xiaobaishe_5	34	4166	4166		FurnitureItem	999	以上等紫檀木製成的燈，以黃金描邊，高貴大氣之餘不顯粗俗，多為大戶人家所用\n\n[FFFE0D]擺放後，可以點擊進行使用[-]	2000000	1	1	1000	6	1	1	99999	3505										
4167	絳桃春	Furniture_xiaobaishe_6	34	4167	4167		FurnitureItem	999	栽在盆中的桃花，開得十分茂盛\n「桃之夭夭，灼灼其華」	100000	1	1	1000	2	1	1	99999	3506										
4168	鬱金香	Furniture_xiaobaishe_7	34	4168	4168		FurnitureItem	999	來自西域的異種花，秀氣而美觀	250000	1	1	1000	3	1	1	99999	3507										
4169	青玉瓷瓶	Furniture_xiaobaishe_8	34	4169	4169		FurnitureItem	999	青玉燒成的瓷瓶，精緻而美觀，其中疏疏落落的錯落著一些花卉	500000	1	1	1000	4	1	1	99999	3508										
4170	一剪梅	Furniture_xiaobaishe_9	34	4170	4170		FurnitureItem	999	梅開百花之先，生於嚴寒，獨天下而春，令人欽佩\n「一剪寒梅傲立雪」	1000000	1	1	1000	5	1	1	99999	3509										
4171	七菱冰玄花	Furniture_xiaobaishe_10	34	4171	4171		FurnitureItem	999	產自極寒之地的奇異花種，花生七菱，如冰如雪，散發出淡淡寒意，偏生又幽香動人	2000000	1	1	1000	6	1	1	99999	3510										
4172	檀香木盒	Furniture_xiaobaishe_11	34	4172	4172		FurnitureItem	999	松木製成的木盒，以檀香熏之，使之短時間內帶有淡淡的香氣，多用於盛放食物	100000	1	1	1000	2	1	1	99999	3511										
4173	畫筒	Furniture_xiaobaishe_12	34	4173	4173		FurnitureItem	999	多見於私塾或書生之家，筒中稀稀疏疏的插放著幾卷書畫	250000	1	1	1000	3	1	1	99999	3512										
4240	金獅攬玉瓶	Furniture_xiaobaishe_13	34	4240	4240		FurnitureItem	999	來自異域的名器，傳聞異域金獅極其兇猛，有名匠擬金獅之態，以青玉為基雕琢此瓶	500000	1	1	1000	4	1	1	99999	3513										
4241	瑞鶴仙	Furniture_xiaobaishe_14	34	4241	4241		FurnitureItem	999	以極為高超的手藝仿製而成的仙鶴，看上去栩栩如生，彷如一不留神，便會展翅飛去	1000000	1	1	1000	5	1	1	99999	3514										
4242	青花孔雀花卉紋瓶	Furniture_xiaobaishe_15	34	4242	4242		FurnitureItem	999	難得一見的瓷器精品，瓶身繪有孔雀、花卉，雜而不亂，形神具備，價值連城	2000000	1	1	1000	6	1	1	99999	3515										
4174	輕竹簾	Furniture_guashi_1	34	4174	4174		FurnitureItem	999	普通人家常有的竹簾，多置於窗邊，以便打開窗戶時遮擋屋內	200000	1	1	1000	2	1	1	99999	4001										
4175	蘇幕遮	Furniture_guashi_2	34	4175	4175		FurnitureItem	999	經染色坊特殊加工的布料所製成的紗簾，陽光透過紗簾的照射進屋內，別有一番韻味	500000	1	1	1000	3	1	1	99999	4002										
4176	一簾幽夢	Furniture_guashi_3	34	4176	4176		FurnitureItem	999	以較好絲綢繡成的幽蘭色紗簾，充滿了不可預知的神秘感\n「夜月一簾幽夢，春風十裡柔情」	1000000	1	1	1000	4	1	1	99999	4003										
4177	珥金拖紫	Furniture_guashi_4	34	4177	4177		FurnitureItem	999	精雕細琢的梁木配以上等蠶絲繡制而成的紗簾，多為達官貴人所用	2000000	1	1	1000	5	1	1	99999	4004										
4178	金玉滿堂	Furniture_guashi_5	34	4178	4178		FurnitureItem	999	原為宮廷所用的紗簾，中間以珠玉點綴，通體金黃，象徵皇家之氣，極為尊貴	4000000	1	1	1000	6	1	1	99999	4005										
4179	半透紗簾	Furniture_guashi_6	34	4179	4179		FurnitureItem	999	透氣的紗簾，多用於遮蔽內室與外廳，可以通過兩側的繩結拉起落下	500000	1	1	1000	3	1	1	99999	4006										
4180	落霞映山圖	Furniture_guashi_7	34	4180	4180		FurnitureItem	999	既描繪出波瀾壯闊的山河壯麗，又蘊含了柔情萬種的落霞漫天，實乃不可多得的珍品畫作	2000000	1	1	1000	5	1	1	99999	4007										
4181	翠笛	Furniture_guashi_8	34	4181	4181		FurnitureItem	999	吹奏配美酒，美哉！	200000	1	1	1000	2	1	1	99999	4008										
4182	滿月阮	Furniture_guashi_9	34	4182	4182		FurnitureItem	999	樺木製成的阮，彈奏出的音質清脆而優雅	500000	1	1	1000	3	1	1	99999	4009										
4183	浣花琵琶	Furniture_guashi_10	34	4183	4183		FurnitureItem	999	以上等硬木製成，色澤悅目、雅致，紋理天然美觀	1000000	1	1	1000	4	1	1	99999	4010										
4184	獨幽	Furniture_guashi_11	34	4184	4184		FurnitureItem	999	造于晚唐的鳳嗉式桐木琴，琴面黑紅相間漆，梅花斷紋與蛇腹斷紋交織，背面牛毛斷紋。龍池上方刻“獨幽”	2000000	1	1	1000	5	1	1	99999	4011										
4185	大聖遺音	Furniture_guashi_12	34	4185	4185		FurnitureItem	999	傳聞乃李亨即位後所作的第一批宮琴。此琴依然保持了盛唐時期的風貌，具有秀美而渾厚的氣度	4000000	1	1	1000	6	1	1	99999	4012										
4186	紅鸞星動	Furniture_guashi_13	34	4186	4186		FurnitureItem	999	以紅繩編織而成的香囊，其上繡有蝴蝶，意比翼齊飛	200000	1	1	1000	2	1	1	99999	4013										
4187	祥雲紙鳶	Furniture_guashi_14	34	4187	4187		FurnitureItem	999	外出遊玩時最受歡迎的玩物之一，能夠迎風而上，令人流連忘返	500000	1	1	1000	3	1	1	99999	4014										
4188	紫珠號角	Furniture_guashi_15	34	4188	4188		FurnitureItem	999	用獸角製成，常見於軍旅，發聲高亢淩厲，直破雲霄，多用於發號施令或振氣壯威	1000000	1	1	1000	4	1	1	99999	4015										
4189	山水繪卷	Furniture_guashi_16	34	4189	4189		FurnitureItem	999	古樸的畫卷，看不出是誰人的筆墨，然神韻已存，當出自大家之手\n「鐘天地之靈秀，蘊山水之華英」	2000000	1	1	1000	5	1	1	99999	4016										
4190	銀翎柘木弓	Furniture_guashi_17	34	4190	4190		FurnitureItem	999	多為將軍佩戴的長弓，以上等木材製成，韌性極佳，是不可多得的好弓	4000000	1	1	1000	6	1	1	99999	4017										
4191	孩童秋千	Furniture_dayuanjing_1	34	4191	4191		FurnitureItem	999	大戶人家庭院或幼年私塾中常有佈置的秋千，是許多子弟年幼的回憶\n\n[FFFE0D]擺放後，可以點擊進行使用[-]	300000	1	1	1000	2	1	1	99999	4501										
4192	銅木兵器架	Furniture_dayuanjing_2	34	4192	4192		FurnitureItem	999	征戰沙場之人家中常備的兵器架，多用於放置長兵器，下方亦可掛置盾牌及短兵	750000	1	1	1000	3	1	1	99999	4502										
4193	百花繚亂	Furniture_dayuanjing_3	34	4193	4193		FurnitureItem	999	香檀木製成的花壇，種植有多種花卉，香氣四散，多置於庭院之中，常有蝴蝶飛舞其中	1500000	1	1	1000	4	1	1	99999	4503										
4194	萬紫千紅	Furniture_dayuanjing_4	34	4194	4194		FurnitureItem	999	以香檀木為底，以青石為基雕刻而成的花壇，種植了千百種奇花異草，鮮花盛開處，一片芬芳	3000000	1	1	1000	5	1	1	99999	4504										
4195	月明花影	Furniture_dayuanjing_5	34	4195	4195		FurnitureItem	999	佈滿鮮花的秋千，紋理細膩，做工精緻，一看便知出自名匠之手。\n「秋千與花影，並在月明中」\n\n[FFFE0D]擺放後，可以點擊進行使用[-]	6000000	1	1	1000	6	1	1	99999	4505										
4196	青石圓桌	Furniture_dayuanjing_6	34	4196	4196		FurnitureItem	999	青石雕刻而成的圓桌，簡樸耐用，多擺放於庭院，供賞玩之人小憩或飲酒作樂	300000	1	1	1000	2	1	1	99999	4506										
4197	三人行	Furniture_dayuanjing_7	34	4197	4197		FurnitureItem	999	傳聞乃昔日聖人傳道授業所坐之石的仿製品，學院私塾多有放置，以期學生能相互學習\n「三人行，必有我師」	750000	1	1	1000	3	1	1	99999	4507										
4198	海角奇石	Furniture_dayuanjing_8	34	4198	4198		FurnitureItem	999	形狀精奇的石頭，價值不菲，商客為之命名海角，意為天涯海角，無雙無對	1500000	1	1	1000	4	1	1	99999	4508										
4199	群峰聳翠	Furniture_dayuanjing_9	34	4199	4199		FurnitureItem	999	有石匠跋山涉水，取天下名山之形，耗時數月以精巧奇石雕刻成型，極為珍貴	3000000	1	1	1000	5	1	1	99999	4509										
4200	三生三世	Furniture_dayuanjing_10	34	4200	4200		FurnitureItem	999	傳聞乃桃花中的異種，清風拂過，花瓣飄落，陣陣幽香撲面而來	6000000	1	1	1000	6	1	1	99999	4510										
4201	青石古井	Furniture_dayuanjing_11	34	4201	4201		FurnitureItem	999	一口古樸的石井，經歷了多年風雨的洗禮，看上去有些滄桑	300000	1	1	1000	2	1	1	99999	4511										
4202	樺木鼓架	Furniture_dayuanjing_12	34	4202	4202		FurnitureItem	999	軍中常見擂鼓改良而成，鼓聲較小，多用於熱鬧場合，引人注目\n\n[FFFE0D]擺放後，可以點擊進行使用[-]	750000	1	1	1000	3	1	1	99999	4512										
4203	燕語	Furniture_dayuanjing_13	34	4203	4203		FurnitureItem	999	能夠發出清脆聲音的銅器，如飛燕低鳴，令人著迷。\n「梁上喃喃燕語，紙間戢戢蠶生」\n\n[FFFE0D]擺放後，可以點擊進行使用[-]	1500000	1	1	1000	4	1	1	99999	4513										
4204	編鐘	Furniture_dayuanjing_14	34	4204	4204		FurnitureItem	999	以青銅鑄成，懸掛于巨大的鐘架，尺寸不同其音量、音階也不同\n\n[FFFE0D]擺放後，可以點擊進行使用[-]	3000000	1	1	1000	5	1	1	99999	4514										
4205	遏雲	Furniture_dayuanjing_15	34	4205	4205		FurnitureItem	999	以上等材料製成的樂器，其音響亮，直沖天際。\n「聲振林木，響遏行雲」\n\n[FFFE0D]擺放後，可以點擊進行使用[-]	6000000	1	1	1000	6	1	1	99999	4515										
5226	朝顏花欄	Furniture_dayuanjing_16	34	5226	5226		FurnitureItem	999	種滿喇叭花的花欄，因清晨花開，傍晚花謝，又稱之為朝顏	1500000	1	1	1000	4	1	1	99999	4516										
5227	小綠陰	Furniture_dayuanjing_17	34	5227	5227		FurnitureItem	999	種于庭院中能遮陰能避雨，一桌一椅，一人一壺茶，悠哉！	3000000	1	1	1000	5	1	1	99999	4517										
5228	十裡桃花	Furniture_dayuanjing_18	34	5228	5228		FurnitureItem	999	傳聞此樹源自桃花島，清風拂過，花瓣飄落，陣陣幽香十裡開外亦能嗅到	6000000	1	1	1000	6	1	1	99999	4518										
5229	朝顏花棚架	Furniture_dayuanjing_19	34	5229	5229		FurnitureItem	999	種滿喇叭花的花棚架，因清晨花開，傍晚花謝，又稱之為朝顏	1500000	1	1	1000	4	1	1	99999	4519										
5230	銀石雙人椅	Furniture_dayuanjing_20	34	5230	5230		FurnitureItem	999	以上等石料製成的雙人椅，紋理細膩，做工精緻，石面具有冬暖夏涼之神奇功效\n\n[FFFE0D]擺放後，可以點擊進行使用[-]	3000000	1	1	1000	5	1	1	99999	4520										
5231	鎏金雙人椅	Furniture_dayuanjing_21	34	5231	5231		FurnitureItem	999	以上等石料加以黃金描邊製成的雙人椅，紋理細膩，做工精緻，石面具有冬暖夏涼之神奇功效\n\n[FFFE0D]擺放後，可以點擊進行使用[-]	6000000	1	1	1000	6	1	1	99999	4521										
5232	浮雕照壁	Furniture_dayuanjing_22	34	5232	5232		FurnitureItem	999	以上等石料再加以工匠的一雕一刻製成的照壁	3000000	1	1	1000	5	1	1	99999	4522										
5233	荷花小池	Furniture_dayuanjing_23	34	5233	5233		FurnitureItem	999	小荷才露尖尖角，早有蜻蜓立上頭，常見於大戶人家	6000000	1	1	1000	6	1	1	99999	4523										
4206	青石圓凳	Furniture_xiaoyuanjing_1	34	4206	4206		FurnitureItem	999	青石雕刻而成的石凳，簡樸耐用，多擺放於庭院，供賞玩之人小憩\n\n[FFFE0D]擺放後，可以點擊進行使用[-]	100000	1	1	1000	2	1	1	99999	5001										
4207	陳年老酒罈	Furniture_xiaoyuanjing_2	34	4207	4207		FurnitureItem	999	多埋於土中，待得女兒出嫁或兒子娶妻時設宴方將之取出，酒香濃郁	250000	1	1	1000	3	1	1	99999	5002										
4208	赤銅壺	Furniture_xiaoyuanjing_3	34	4208	4208		FurnitureItem	999	銅制壺，製作較為簡單，常用於庭外裝飾或放置一些小物件	500000	1	1	1000	4	1	1	99999	5003										
4209	湛藍紋金象耳罐	Furniture_xiaoyuanjing_4	34	4209	4209		FurnitureItem	999	瓶身呈碧藍色，繪以金色紋路，再以黃金鑄成提手，做工精細，十分珍貴	1000000	1	1	1000	5	1	1	99999	5004										
4220	海納百川	Furniture_xiaoyuanjing_5	34	4220	4220		FurnitureItem	999	需集多人之力方可抬動，有詩一首：「莫道此罐小，藏酒足百斤。等閒不可動，四人擔架行」	2000000	1	1	1000	6	1	1	99999	5005										
4210	青石護欄	Furniture_xiaoyuanjing_6	34	4210	4210		FurnitureItem	999	青石製成的護欄，多用於小橋流水邊，以防行人失足跌入河中	100000	1	1	1000	2	1	1	99999	5006										
4211	稻草人	Furniture_xiaoyuanjing_7	34	4211	4211		FurnitureItem	999	以稻草製成，套以藍色衣衫，多用於農田之側，防止鳥兒啄食糧食	250000	1	1	1000	3	1	1	99999	5007										
4212	百花盞	Furniture_xiaoyuanjing_8	34	4212	4212		FurnitureItem	999	青石製成的花壇，其中遍佈百花，香氣四散，多置於庭院之中，常有蝴蝶飛舞其中	500000	1	1	1000	4	1	1	99999	5008										
4213	姹紫嫣紅	Furniture_xiaoyuanjing_9	34	4213	4213		FurnitureItem	999	以香檀木雕刻為蓮花狀花籃，其上精心插滿了各色奇花異草，群芳鬥豔，令人目不暇接	1000000	1	1	1000	5	1	1	99999	5009										
4214	月上柳梢頭	Furniture_xiaoyuanjing_10	34	4214	4214		FurnitureItem	999	以香檀木雕刻成彎月之狀，上掛三盞明燈，相約黃昏後\n「去年元夜時，花市燈如晝」\n\n[FFFE0D]擺放後，可以點擊進行使用[-]	2000000	1	1	1000	6	1	1	99999	5010										
4215	石獅子	Furniture_xiaoyuanjing_11	34	4215	4215		FurnitureItem	999	以青石雕刻而成的石獅子，神態可掬，栩栩如生	100000	1	1	1000	2	1	1	99999	5011										
4216	花崗石燈	Furniture_xiaoyuanjing_12	34	4216	4216		FurnitureItem	999	以花崗岩雕刻而成的石燈檯，多置於庭院之中，隨處可見，用以照明\n\n[FFFE0D]擺放後，可以點擊進行使用[-]	250000	1	1	1000	3	1	1	99999	5012										
4217	雲紋鑲金石燈	Furniture_xiaoyuanjing_13	34	4217	4217		FurnitureItem	999	大戶人家中亦較為少見的珍貴石燈，石台遍佈雲紋，並以黃金鑄成燈窗，夜明珠為燈芯\n\n[FFFE0D]擺放後，可以點擊進行使用[-]	500000	1	1	1000	4	1	1	99999	5013										
4218	金碧貔貅	Furniture_xiaoyuanjing_14	34	4218	4218		FurnitureItem	999	以整塊碧玉雕琢而成的貔貅，綴以黃金，蘊招財之意	1000000	1	1	1000	5	1	1	99999	5014										
4219	翠玉雕龍	Furniture_xiaoyuanjing_15	34	4219	4219		FurnitureItem	999	以上等良玉雕琢而成的龍，其爪所握之物，更是一整塊晶瑩剔透的翠玉明珠，價值連城	2000000	1	1	1000	6	1	1	99999	5015										
5234	藍朝顏	Furniture_xiaoyuanjing_16	34	5234	5234		FurnitureItem	999	只在清晨花開，故而得名朝顏	100000	1	1	1000	2	1	1	99999	5016										
5235	午時花	Furniture_xiaoyuanjing_17	34	5235	5235		FurnitureItem	999	午間開花而明晨閉合，故而得名午時花。有希望、快樂之意，深受姑娘們的喜愛	250000	1	1	1000	3	1	1	99999	5017										
5236	紫蝴蝶	Furniture_xiaoyuanjing_18	34	5236	5236		FurnitureItem	999	猶如紫色蝴蝶藏於其中，故而得名紫蝴蝶	100000	1	1	1000	2	1	1	99999	5018										
5237	帝女花	Furniture_xiaoyuanjing_19	34	5237	5237		FurnitureItem	999	有清淨、高潔、真情、吉祥之意，是一種極具觀賞性的植物	250000	1	1	1000	3	1	1	99999	5019										
4244	首席弟子	Furniture_xianding1	34	4244	4244		FurnitureItem	999	門派競技，首席弟子！\n[FFFE0D]獲得途徑：成功當選門派競技大師兄/大師姐[-]		1	1	1000	6	1	1	99999	10000										
4245	獨孤求敗	Furniture_xianding2	34	4245	4245		FurnitureItem	999	華山論劍，獨孤求敗！\n[FFFE0D]獲得途徑：成功奪得華山論劍冠軍[-]		1	1	1000	6	1	1	99999	10001										
4246	武極天下	Furniture_xianding3	34	4246	4246		FurnitureItem	999	武神殿		1	1	1000	6	1	1	99999	10002										
4247	神兵利器	Furniture_xianding4	34	4247	4247		FurnitureItem	999	裝備強化，神兵利器！\n[FFFE0D]獲得途徑：全身裝備強化+100以上[-]		1	1	1000	6	1	1	99999	10003										
4248	技壓群雄	Furniture_xianding5	34	4248	4248		FurnitureItem	999	挑戰盟主，技壓群雄！\n[FFFE0D]獲得途徑：獲得200次挑戰武林盟主個人最終排名第1[-]		1	1	1000	6	1	1	99999	10004										
4249	如虎添翼	Furniture_xianding6	34	4249	4249		FurnitureItem	999	裝備鑲嵌，如虎添翼！\n[FFFE0D]獲得途徑：鑲嵌40個6級以上魂石[-]		1	1	1000	6	1	1	99999	10005										
4250	富可敵國	Furniture_xianding7	34	4250	4250		FurnitureItem	999	幫派捐獻，富可敵國！\n[FFFE0D]獲得途徑：完成10000次幫派捐獻[-]		1	1	1000	6	1	1	99999	10006										
4251	登峰造極	Furniture_xianding8	34	4251	4251		FurnitureItem	999	勇闖通天，登峰造極！\n[FFFE0D]獲得途徑：成功踏入通天塔第八層20次[-]		1	1	1000	6	1	1	99999	10007										
4837	吉光鳳羽	Furniture_xianding9	34	4837	4837		FurnitureItem	999	由工藝極高的匠師特為[FF69B4]「武林十大美女」[-]定制的擺設，象徵魅力、優雅、高貴		1	1	1000	7	1	1	99999	10008										
4838	火鳳金鸞地衣（心形）	Furniture_xianding10	34	4838	4838		FurnitureItem	999	由襄陽城繡坊特為[FF69B4]「本服十大美女」[-]定制的地衣，傳聞世上有一對神鳥，名鸞鳳，情比金堅，不離不棄，其羽絢麗多姿，光華奪目		1	1	1000	6	1	1	99999	10009										
5238	武林至尊	Furniture_xianding11	34	5238	5238		FurnitureItem	999	武林大會，天下至尊！\n[FFFE0D]獲得途徑：成功奪得武林大會冠軍[-]		1	1	1000	7	1	1	99999	10010										
5239	金童	Furniture_xianding12	34	5239	5239		FurnitureItem	999	以上等金錠雕塑而成的金童，與玉女雕像是一對，象徵愛情永恆不變		1	1	1000	6	1	1	99999	10011										
5240	玉女	Furniture_xianding13	34	5240	5240		FurnitureItem	999	以上等金錠雕塑而成的玉女，與金童雕像是一對，象徵愛情永恆不變		1	1	1000	6	1	1	99999	10012										
5241	婚床·晚櫻連理	Furniture_xianding14	34	5241	5241		FurnitureItem	999	由紅娘托傢俱坊特為完婚俠侶定制的婚床，通過完成[FFFE0D]莊園·晚櫻連理[-]婚禮後獲得\n\n[FFFE0D]擺放後，只有家園的主人及其伴侶可使用[-]		1	1	1000	4	1	1	99999	10013										
5242	婚床·紅鸞攬月	Furniture_xianding15	34	5242	5242		FurnitureItem	999	由紅娘托傢俱坊特為完婚俠侶定制的婚床，通過完成[FFFE0D]海島·紅鸞攬月[-]婚禮後獲得\n\n[FFFE0D]擺放後，只有家園的主人及其伴侶可使用[-]		1	1	1000	5	1	1	99999	10014										
5243	婚床·乘龍配鳳	Furniture_xianding16	34	5243	5243		FurnitureItem	999	由紅娘托傢俱坊特為完婚俠侶定制的婚床，通過完成[FFFE0D]舫舟·乘龍配鳳[-]婚禮後獲得\n\n[FFFE0D]擺放後，只有家園的主人及其伴侶可使用[-]		1	1	1000	6	1	1	99999	10015										
5244	浴盆·晚櫻連理	Furniture_xianding17	34	5244	5244		FurnitureItem	999	由紅娘托傢俱坊特為完婚俠侶定制的浴盆，通過完成[FFFE0D]莊園·晚櫻連理[-]婚禮後獲得\n\n[FFFE0D]擺放後，只有家園的主人及其伴侶可使用[-]		1	1	1000	4	1	1	99999	10016										
5245	浴盆·紅鸞攬月	Furniture_xianding18	34	5245	5245		FurnitureItem	999	由紅娘托傢俱坊特為完婚俠侶定制的浴盆，通過完成[FFFE0D]海島·紅鸞攬月[-]婚禮後獲得\n\n[FFFE0D]擺放後，只有家園的主人及其伴侶可使用[-]		1	1	1000	5	1	1	99999	10017										
5246	浴盆·乘龍配鳳	Furniture_xianding19	34	5246	5246		FurnitureItem	999	由紅娘托傢俱坊特為完婚俠侶定制的浴盆，通過完成[FFFE0D]舫舟·乘龍配鳳[-]婚禮後獲得\n\n[FFFE0D]擺放後，只有家園的主人及其伴侶可使用[-]		1	1	1000	6	1	1	99999	10018										
5256	永結同心	Furniture_xianding20	34	5256	5256		FurnitureItem	999	由紅娘托傢俱坊特為完婚俠侶定制的掛飾，象徵俠侶雙方心心相連、白頭偕老		1	1	1000	5	1	1	99999	10019										
6006	新穎圖屏風	Furniture_xianding21	34	6006	6006		FurnitureItem	999	有名家拜訪「新穎小築」，後以其屋主為模作畫，加以上等紫檀木而製成的屏風		1	1	1000	6	1	1	99999	10020										
6215	結婚-普通椅子	Furniture_xianding22	34	6006	6006		FurnitureItem	999	結婚-普通椅子		1	1	1000	4	1	1	99999	10021										
6216	結婚-普通空桌	Furniture_xianding23	34	6006	6006		FurnitureItem	999	結婚-普通空桌		1	1	1000	4	1	1	99999	10022										
6217	結婚-普通滿桌	Furniture_xianding24	34	6006	6006		FurnitureItem	999	結婚-普通滿桌		1	1	1000	4	1	1	99999	10023										
6218	結婚-隆重椅子	Furniture_xianding25	34	6006	6006		FurnitureItem	999	結婚-隆重椅子		1	1	1000	5	1	1	99999	10024										
6219	結婚-隆重空桌	Furniture_xianding26	34	6006	6006		FurnitureItem	999	結婚-隆重空桌		1	1	1000	5	1	1	99999	10025										
6220	結婚-隆重滿桌	Furniture_xianding27	34	6006	6006		FurnitureItem	999	結婚-隆重滿桌		1	1	1000	5	1	1	99999	10026										
6221	結婚-豪華椅子	Furniture_xianding28	34	6006	6006		FurnitureItem	999	結婚-豪華椅子		1	1	1000	6	1	1	99999	10027										
6222	結婚-豪華空桌	Furniture_xianding29	34	6006	6006		FurnitureItem	999	結婚-豪華空桌		1	1	1000	6	1	1	99999	10028										
6223	結婚-豪華滿桌	Furniture_xianding30	34	6006	6006		FurnitureItem	999	結婚-豪華滿桌		1	1	1000	6	1	1	99999	10029										
4427	苗圃	Furniture_tiandi1	34	4427	4427		FurnitureItem	999	擺放後可以用於種植樹木，收成時可以獲得傢俱材料[FFFE0D]“木材”[-]		1	1	1000	6	1	1	99999	20000										
6019	主座	Furniture_zhuzuo	34	100	100		FurnitureItem	999	虛擬主座		1	1	1000	6	1	1	99999	30000										
4296	松木	Material_mu_Level1	34	4296	4296		QuickBuyFromMS	999	材料等級：[64db00]1級[-]\n\n松木具有松香味，色澤淡黃，經久耐用。\n\n[FFFE0D]部分1級傢俱製作時的原材料[-]	40000	1	1	1000	2	1	1	99999											
4297	樺木	Material_mu_Level2	34	4297	4297		QuickBuyFromMS	999	材料等級：[11adf6]2級[-]\n\n樺木樹質細膩偏軟，易加工，紋理清晰美觀。\n\n[FFFE0D]部分2級傢俱製作時的原材料[-]	100000	2	1	1000	3	1	1	99999											
4298	核桃木	Material_mu_Level3	34	4298	4298		QuickBuyFromMS	999	材料等級：[aa62fc]3級[-]\n\n核桃木材色悅目、雅致，帶有明顯的深色或黑色條紋。\n\n[FFFE0D]部分3級傢俱製作時的原材料[-]	200000	3	1	1000	4	1	1	99999											
4299	香樟木	Material_mu_Level4	34	4299	4299		QuickBuyFromMS	999	材料等級：[ff578c]4級[-]\n\n香樟木木質細密、紋理細膩、花紋精美，質地堅韌而且輕柔。\n\n[FFFE0D]部分4級傢俱製作時的原材料[-]	400000	4	1	1000	5	1	1	99999											
4300	紫檀木	Material_mu_Level5	34	4300	4300		QuickBuyFromMS	999	材料等級：[ff8f06]5級[-]\n\n紫檀木木材堅硬緻密，心材紅色，為優良的建築、樂器及傢俱用材。\n\n[FFFE0D]部分5級傢俱製作時的原材料[-]	800000	5	1	1000	6	1	1	99999											
4301	麻布	Material_sichou_Level1	34	4301	4301		QuickBuyFromMS	999	材料等級：[64db00]1級[-]\n\n植物纖維織成的布，具有耐洗、耐曬、防腐等特點。\n\n[FFFE0D]部分1級傢俱製作時的原材料[-]	40000	1	1	1000	2	1	1	99999											
4302	府綢	Material_sichou_Level2	34	4302	4302		QuickBuyFromMS	999	材料等級：[11adf6]2級[-]\n\n一種質地細密、平滑而有光澤的平紋棉織品。\n\n[FFFE0D]部分2級傢俱製作時的原材料[-]	100000	2	1	1000	3	1	1	99999											
4303	素軟緞	Material_sichou_Level3	34	4303	4303		QuickBuyFromMS	999	材料等級：[aa62fc]3級[-]\n\n素軟緞色澤鮮豔、質地柔軟，緞面光滑如鏡。\n\n[FFFE0D]部分3級傢俱製作時的原材料[-]	200000	3	1	1000	4	1	1	99999											
4304	宋錦	Material_sichou_Level4	34	4304	4304		QuickBuyFromMS	999	材料等級：[ff578c]4級[-]\n\n宋錦圖案精美、色彩典雅、平整挺括、古色古香。\n\n[FFFE0D]部分4級傢俱製作時的原材料[-]	400000	4	1	1000	5	1	1	99999											
4305	織金錦	Material_sichou_Level5	34	4305	4305		QuickBuyFromMS	999	材料等級：[ff8f06]5級[-]\n\n以金縷或金箔切成的金絲作緯線織制的錦。\n\n[FFFE0D]部分5級傢俱製作時的原材料[-]	800000	5	1	1000	6	1	1	99999											
4306	生鐵	Material_jinshu_Level1	34	4306	4306		QuickBuyFromMS	999	材料等級：[64db00]1級[-]\n\n生鐵質地堅硬、耐磨、鑄造性好。\n\n[FFFE0D]部分1級傢俱製作時的原材料[-]	40000	1	1	1000	2	1	1	99999											
4307	銅錠	Material_jinshu_Level2	34	4307	4307		QuickBuyFromMS	999	材料等級：[11adf6]2級[-]\n\n由銅熔鑄而成，表面平滑，色澤呈深褐色。\n\n[FFFE0D]部分2級傢俱製作時的原材料[-]	100000	2	1	1000	3	1	1	99999											
4308	百煉鋼	Material_jinshu_Level3	34	4308	4308		QuickBuyFromMS	999	材料等級：[aa62fc]3級[-]\n\n一鍛一輕，至累鍛而斤兩不減，則純鋼也。\n\n[FFFE0D]部分3級傢俱製作時的原材料[-]	200000	3	1	1000	4	1	1	99999											
4309	銀錠	Material_jinshu_Level4	34	4309	4309		QuickBuyFromMS	999	材料等級：[ff578c]4級[-]\n\n由白銀熔鑄而成，表面平滑，色澤白潤而沉穩。\n\n[FFFE0D]部分4級傢俱製作時的原材料[-]	400000	4	1	1000	5	1	1	99999											
4310	金錠	Material_jinshu_Level5	34	4310	4310		QuickBuyFromMS	999	材料等級：[ff8f06]5級[-]\n\n由黃金熔鑄而成，表面平滑，有強烈金屬光澤，不氧化、耐腐蝕。\n\n[FFFE0D]部分5級傢俱製作時的原材料[-]	800000	5	1	1000	6	1	1	99999											
4311	瑪瑙	Material_yu_Level1	34	4311	4311		QuickBuyFromMS	999	材料等級：[64db00]1級[-]\n\n質地堅硬、有膠質感，色澤豔麗明快，紋理自然流暢。\n\n[FFFE0D]部分1級傢俱製作時的原材料[-]	40000	1	1	1000	2	1	1	99999											
4312	琉璃	Material_yu_Level2	34	4312	4312		QuickBuyFromMS	999	材料等級：[11adf6]2級[-]\n\n青銅器鑄造時經過提煉加工後製成，有五色石之稱。\n\n[FFFE0D]部分2級傢俱製作時的原材料[-]	100000	2	1	1000	3	1	1	99999											
4313	珍珠	Material_yu_Level3	34	4313	4313		QuickBuyFromMS	999	材料等級：[aa62fc]3級[-]\n\n具有瑰麗色彩和高雅氣質的珍珠，象徵著健康、純潔、富有和幸福。\n\n[FFFE0D]部分3級傢俱製作時的原材料[-]	200000	3	1	1000	4	1	1	99999											
4314	岫岩玉	Material_yu_Level4	34	4314	4314		QuickBuyFromMS	999	材料等級：[ff578c]4級[-]\n\n質地堅實而溫潤，細膩而圓融，色澤呈綠色至湖水綠。\n\n[FFFE0D]部分4級傢俱製作時的原材料[-]	400000	4	1	1000	5	1	1	99999											
4315	翡翠	Material_yu_Level5	34	4315	4315		QuickBuyFromMS	999	材料等級：[ff8f06]5級[-]\n\n質地堅硬，顏色清澈純正、鮮嫩漂亮，表面呈現玻璃光澤。\n\n[FFFE0D]部分5級傢俱製作時的原材料[-]	800000	5	1	1000	6	1	1	99999											
4316	鹿皮	Material_maopi_Level1	34	4316	4316		QuickBuyFromMS	999	材料等級：[64db00]1級[-]\n\n質感柔軟，結實，美觀。\n\n[FFFE0D]部分1級傢俱製作時的原材料[-]	40000	1	1	1000	2	1	1	99999											
4317	羊皮	Material_maopi_Level2	34	4317	4317		QuickBuyFromMS	999	材料等級：[11adf6]2級[-]\n\n質感滑爽、豐滿，皮面上的羊毛柔軟富有彈性。\n\n[FFFE0D]部分2級傢俱製作時的原材料[-]	100000	2	1	1000	3	1	1	99999											
4318	貂皮	Material_maopi_Level3	34	4318	4318		QuickBuyFromMS	999	材料等級：[aa62fc]3級[-]\n\n皮板優良，輕柔結實，毛絨豐厚，色澤光潤。\n\n[FFFE0D]部分3級傢俱製作時的原材料[-]	200000	3	1	1000	4	1	1	99999											
4319	虎皮	Material_maopi_Level4	34	4319	4319		QuickBuyFromMS	999	材料等級：[ff578c]4級[-]\n\n斑紋清晰美觀，質感結實富有彈性。\n\n[FFFE0D]部分4級傢俱製作時的原材料[-]	400000	4	1	1000	5	1	1	99999											
4320	熊皮	Material_maopi_Level5	34	4320	4320		QuickBuyFromMS	999	材料等級：[ff8f06]5級[-]\n\n針毛粗長、絨毛厚密，質感柔軟結實。\n\n[FFFE0D]部分5級傢俱製作時的原材料[-]	800000	5	1	1000	6	1	1	99999											
4321	青石	Material_shitou_Level1	34	4321	4321		QuickBuyFromMS	999	材料等級：[64db00]1級[-]\n\n大自然中一種非常常見的岩石。\n\n[FFFE0D]部分1級傢俱製作時的原材料[-]	40000	1	1	1000	2	1	1	99999											
4322	花崗岩	Material_shitou_Level2	34	4322	4322		QuickBuyFromMS	999	材料等級：[11adf6]2級[-]\n\n花崗岩不易風化，顏色美觀，外觀色澤可保持百年以上。\n\n[FFFE0D]部分2級傢俱製作時的原材料[-]	100000	2	1	1000	3	1	1	99999											
4323	大理石	Material_shitou_Level3	34	4323	4323		QuickBuyFromMS	999	材料等級：[aa62fc]3級[-]\n\n大理石石面色澤光潤，自然紋理清晰美觀。\n\n[FFFE0D]部分3級傢俱製作時的原材料[-]	200000	3	1	1000	4	1	1	99999											
4324	雨花石	Material_shitou_Level4	34	4324	4324		QuickBuyFromMS	999	材料等級：[ff578c]4級[-]\n\n石中珍品，有“石中皇后”之稱，被譽為“天賜國寶，中華一絕”。\n\n[FFFE0D]部分4級傢俱製作時的原材料[-]	400000	4	1	1000	5	1	1	99999											
4325	天河石	Material_shitou_Level5	34	4325	4325		QuickBuyFromMS	999	材料等級：[ff8f06]5級[-]\n\n顏色純正，質地明亮，半透明至微透明，與翡翠相似。\n\n[FFFE0D]部分5級傢俱製作時的原材料[-]	800000	5	1	1000	6	1	1	99999											
