TemplateId	Name	Kind		ItemType	BigIcon	CDType	ClassName	DetailType	Icon	Intro	ItemValue	Level	ObjID	Price	Quality	RequireLevel	Sellable	Stack	ExtParam1	ExtParam2	ExtParam3	ExtParam4	ExtParam5	ExtParam6	ExtParam7	ExtParam8	ExtParam9	ExtParam10
3577	銘刻石【戰場】	RecordStone_N1		34	27001		RecordStone	3	27001	一種銘刻於武器之上的神奇寶石。銘刻後，可用來記錄[FFFE0D]在宋金戰場中，累計破敵數[-]\n\n只能銘刻於6階稀有及黃金武器上	1000000	1	2	1000	4	20	1	99999										
3578	銘刻石【攻城戰】	RecordStone_N2		34	27002		RecordStone	3	27002	一種銘刻於武器之上的神奇寶石。銘刻後，可用來記錄[FFFE0D]在攻城戰中，累計破敵數[-]\n\n只能銘刻於6階稀有及黃金武器上	1000000	1	2	1000	4	20	1	99999										
3579	銘刻石【白虎堂】	RecordStone_N3		34	27003		RecordStone	3	27003	一種銘刻於武器之上的神奇寶石。銘刻後，可用來記錄[FFFE0D]在白虎堂中，累計殺人數[-]\n\n只能銘刻於6階稀有及黃金武器上	1000000	1	2	1000	4	20	1	99999										
3580	銘刻石【門派競技】	RecordStone_N4		34	27004		RecordStone	3	27004	一種銘刻於武器之上的神奇寶石。銘刻後，可用來記錄[FFFE0D]在門派競技中，累計獲得新人王的次數[-]\n\n只能銘刻於6階稀有及黃金武器上	1000000	1	2	1000	4	20	1	99999										
3581	銘刻石【武林盟主】	RecordStone_N5		34	27005		RecordStone	3	27005	一種銘刻於武器之上的神奇寶石。銘刻後，可用來記錄[FFFE0D]在武林盟主中，累計搶分成功的次數[-]\n\n只能銘刻於6階稀有及黃金武器上	1000000	1	2	1000	4	20	1	99999										
3582	銘刻石【歷代名將】	RecordStone_N6		34	27006		RecordStone	3	27006	一種銘刻於武器之上的神奇寶石。銘刻後，可用來記錄[FFFE0D]在歷代名將中，累計破敵數[-]\n\n只能銘刻於6階稀有及黃金武器上	1000000	1	2	1000	4	20	1	99999										
3583	銘刻石【華山論劍】	RecordStone_N7		34	27007		RecordStone	3	27007	一種銘刻於武器之上的神奇寶石。銘刻後，可用來記錄[FFFE0D]在華山論劍中，累計獲勝的次數[-]\n\n只能銘刻於6階稀有及黃金武器上	1000000	1	2	1000	4	20	1	99999										
3584	銘刻石【通天塔】	RecordStone_N8		34	27008		RecordStone	3	27008	一種銘刻於武器之上的神奇寶石。銘刻後，可用來記錄[FFFE0D]在通天塔中，累計獲勝的次數[-]\n\n只能銘刻於6階稀有及黃金武器上	1000000	1	2	1000	4	20	1	99999										
230	1級生命寶石	life_stone_1		34	230		Stone	3	230	4個同級寶石可合成1個高級寶石	20000	1	2	1000	1	27	1	99999										
231	2級生命寶石	life_stone_2		34	231		Stone	3	231	4個同級寶石可合成1個高級寶石	60000	2	2	1000	2	27	1	99999										
232	3级生命宝石	life_stone_3		34	232		Stone	3	232	4個同級寶石可合成1個高級寶石	180000	3	2	1000	3	27	1	99999										
233	4级生命宝石	life_stone_4		34	233		Stone	3	233	4個同級寶石可合成1個高級寶石	540000	4	2	1000	4	40	1	99999										
234	5级生命宝石	life_stone_5		34	234		Stone	3	234	4個同級寶石可合成1個高級寶石	1650000	5	2	1000	5	50	1	99999										
235	6级生命宝石	life_stone_6		34	235		Stone	3	235	4個同級寶石可合成1個高級寶石	5000000	6	2	1000	6	60	1	99999										
236	7级生命宝石	life_stone_7		34	236		Stone	3	236	4個同級寶石可合成1個高級寶石	15000000	7	2	1000	7	70	1	99999										
237	8级生命宝石	life_stone_8		34	237		Stone	3	237	4個同級寶石可合成1個高級寶石	45000000	7	2	1000	7	80	1	99999										
238	9级生命宝石	life_stone_9		34	238		Stone	3	238	4個同級寶石可合成1個高級寶石	45000000	7	2	1000	7	90	1	99999										
239	10级生命宝石	life_stone_10		34	239		Stone	3	239	生命寶石10級	45000000	7	2	1000	7	100	1	99999										
240	1級攻擊寶石	physcical_damage_stone_1		34	240		Stone	3	240	4個同級寶石可合成1個高級寶石	20000	1	2	1000	1	27	1	99999										
241	2级攻击宝石	physcical_damage_stone_2		34	241		Stone	3	241	4個同級寶石可合成1個高級寶石	60000	2	2	1000	2	27	1	99999										
242	3级攻击宝石	physcical_damage_stone_3		34	242		Stone	3	242	4個同級寶石可合成1個高級寶石	180000	3	2	1000	3	27	1	99999										
243	4级攻击宝石	physcical_damage_stone_4		34	243		Stone	3	243	4個同級寶石可合成1個高級寶石	540000	4	2	1000	4	40	1	99999										
244	5级攻击宝石	physcical_damage_stone_5		34	244		Stone	3	244	4個同級寶石可合成1個高級寶石	1650000	5	2	1000	5	50	1	99999										
245	6级攻击宝石	physcical_damage_stone_6		34	245		Stone	3	245	4個同級寶石可合成1個高級寶石	5000000	6	2	1000	6	60	1	99999										
246	7级攻击宝石	physcical_damage_stone_7		34	246		Stone	3	246	4個同級寶石可合成1個高級寶石	15000000	7	2	1000	7	70	1	99999										
247	8级攻击宝石	physcical_damage_stone_8		34	247		Stone	3	247	4個同級寶石可合成1個高級寶石	45000000	7	2	1000	7	80	1	99999										
248	9级攻击宝石	physcical_damage_stone_9		34	248		Stone	3	248	4個同級寶石可合成1個高級寶石	45000000	7	2	1000	7	90	1	99999										
249	10级攻击宝石	physcical_damage_stone_10		34	249		Stone	3	249	攻擊寶石10級	45000000	7	2	1000	7	100	1	99999										
250	1級抗性寶石	all_resist_stone_1		34	250		Stone	3	250	4個同級寶石可合成1個高級寶石	20000	1	2	1000	1	27	1	99999										
251	2级抗性宝石	all_resist_stone_2		34	251		Stone	3	251	4個同級寶石可合成1個高級寶石	60000	2	2	1000	2	27	1	99999										
252	3级抗性宝石	all_resist_stone_3		34	252		Stone	3	252	4個同級寶石可合成1個高級寶石	180000	3	2	1000	3	27	1	99999										
253	4级抗性宝石	all_resist_stone_4		34	253		Stone	3	253	4個同級寶石可合成1個高級寶石	540000	4	2	1000	4	40	1	99999										
254	5级抗性宝石	all_resist_stone_5		34	254		Stone	3	254	4個同級寶石可合成1個高級寶石	1650000	5	2	1000	5	50	1	99999										
255	6级抗性宝石	all_resist_stone_6		34	255		Stone	3	255	4個同級寶石可合成1個高級寶石	5000000	6	2	1000	6	60	1	99999										
256	7级抗性宝石	all_resist_stone_7		34	256		Stone	3	256	4個同級寶石可合成1個高級寶石	15000000	7	2	1000	7	70	1	99999										
257	8级抗性宝石	all_resist_stone_8		34	257		Stone	3	257	4個同級寶石可合成1個高級寶石	45000000	7	2	1000	7	80	1	99999										
258	9级抗性宝石	all_resist_stone_9		34	258		Stone	3	258	4個同級寶石可合成1個高級寶石	45000000	7	2	1000	7	90	1	99999										
259	10级抗性宝石	all_resist_stone_10		34	259		Stone	3	259	抗性寶石10級	45000000	7	2	1000	7	100	1	99999										
260	1級忽抗寶石	ignore_all_resist_stone_1		34	260		Stone	3	260	4個同級寶石可合成1個高級寶石	20000	1	2	1000	1	27	1	99999										
261	2级忽抗宝石	ignore_all_resist_stone_2		34	261		Stone	3	261	4個同級寶石可合成1個高級寶石	60000	2	2	1000	2	27	1	99999										
262	3级忽抗宝石	ignore_all_resist_stone_3		34	262		Stone	3	262	4個同級寶石可合成1個高級寶石	180000	3	2	1000	3	27	1	99999										
263	4级忽抗宝石	ignore_all_resist_stone_4		34	263		Stone	3	263	4個同級寶石可合成1個高級寶石	540000	4	2	1000	4	40	1	99999										
264	5级忽抗宝石	ignore_all_resist_stone_5		34	264		Stone	3	264	4個同級寶石可合成1個高級寶石	1650000	5	2	1000	5	50	1	99999										
265	6级忽抗宝石	ignore_all_resist_stone_6		34	265		Stone	3	265	4個同級寶石可合成1個高級寶石	5000000	6	2	1000	6	60	1	99999										
266	7级忽抗宝石	ignore_all_resist_stone_7		34	266		Stone	3	266	4個同級寶石可合成1個高級寶石	15000000	7	2	1000	7	70	1	99999										
267	8级忽抗宝石	ignore_all_resist_stone_8		34	267		Stone	3	267	4個同級寶石可合成1個高級寶石	45000000	7	2	1000	7	80	1	99999										
268	9级忽抗宝石	ignore_all_resist_stone_9		34	268		Stone	3	268	4個同級寶石可合成1個高級寶石	45000000	7	2	1000	7	90	1	99999										
269	10级忽抗宝石	ignore_all_resist_stone_10		34	269		Stone	3	269	忽抗寶石10級	45000000	7	2	1000	7	100	1	99999										
270	1級閃避寶石	defense_stone_1		34	270		Stone	3	270	4個同級寶石可合成1個高級寶石	20000	1	2	1000	1	27	1	99999										
271	2级闪避宝石	defense_stone_2		34	271		Stone	3	271	4個同級寶石可合成1個高級寶石	60000	2	2	1000	2	27	1	99999										
272	3级闪避宝石	defense_stone_3		34	272		Stone	3	272	4個同級寶石可合成1個高級寶石	180000	3	2	1000	3	27	1	99999										
273	4级闪避宝石	defense_stone_4		34	273		Stone	3	273	4個同級寶石可合成1個高級寶石	540000	4	2	1000	4	40	1	99999										
274	5级闪避宝石	defense_stone_5		34	274		Stone	3	274	4個同級寶石可合成1個高級寶石	1650000	5	2	1000	5	50	1	99999										
275	6级闪避宝石	defense_stone_6		34	275		Stone	3	275	4個同級寶石可合成1個高級寶石	5000000	6	2	1000	6	60	1	99999										
276	7级闪避宝石	defense_stone_7		34	276		Stone	3	276	4個同級寶石可合成1個高級寶石	15000000	7	2	1000	7	70	1	99999										
277	8级闪避宝石	defense_stone_8		34	277		Stone	3	277	4個同級寶石可合成1個高級寶石	45000000	7	2	1000	7	80	1	99999										
278	9级闪避宝石	defense_stone_9		34	278		Stone	3	278	4個同級寶石可合成1個高級寶石	45000000	7	2	1000	7	90	1	99999										
279	10级闪避宝石	defense_stone_10		34	279		Stone	3	279	閃避寶石10級	45000000	7	2	1000	7	100	1	99999										
280	1級忽閃寶石	ignore_defense_stone_1		34	280		Stone	3	280	4個同級寶石可合成1個高級寶石	20000	1	2	1000	1	27	1	99999										
281	2级忽闪宝石	ignore_defense_stone_2		34	281		Stone	3	281	4個同級寶石可合成1個高級寶石	60000	2	2	1000	2	27	1	99999										
282	3级忽闪宝石	ignore_defense_stone_3		34	282		Stone	3	282	4個同級寶石可合成1個高級寶石	180000	3	2	1000	3	27	1	99999										
283	4级忽闪宝石	ignore_defense_stone_4		34	283		Stone	3	283	4個同級寶石可合成1個高級寶石	540000	4	2	1000	4	40	1	99999										
284	5级忽闪宝石	ignore_defense_stone_5		34	284		Stone	3	284	4個同級寶石可合成1個高級寶石	1650000	5	2	1000	5	50	1	99999										
285	6级忽闪宝石	ignore_defense_stone_6		34	285		Stone	3	285	4個同級寶石可合成1個高級寶石	5000000	6	2	1000	6	60	1	99999										
286	7级忽闪宝石	ignore_defense_stone_7		34	286		Stone	3	286	4個同級寶石可合成1個高級寶石	15000000	7	2	1000	7	70	1	99999										
287	8级忽闪宝石	ignore_defense_stone_8		34	287		Stone	3	287	4個同級寶石可合成1個高級寶石	45000000	7	2	1000	7	80	1	99999										
288	9级忽闪宝石	ignore_defense_stone_9		34	288		Stone	3	288	4個同級寶石可合成1個高級寶石	45000000	7	2	1000	7	90	1	99999										
289	10级忽闪宝石	ignore_defense_stone_10		34	289		Stone	3	289	忽閃寶石10級	45000000	7	2	1000	7	100	1	99999										
290	1級會心寶石	deadlystrike_stone_1		34	290		Stone	3	290	4個同級寶石可合成1個高級寶石	20000	1	2	1000	1	27	1	99999										
291	2级会心宝石	deadlystrike_stone_2		34	291		Stone	3	291	4個同級寶石可合成1個高級寶石	60000	2	2	1000	2	27	1	99999										
292	3级会心宝石	deadlystrike_stone_3		34	292		Stone	3	292	4個同級寶石可合成1個高級寶石	180000	3	2	1000	3	27	1	99999										
293	4级会心宝石	deadlystrike_stone_4		34	293		Stone	3	293	4個同級寶石可合成1個高級寶石	540000	4	2	1000	4	40	1	99999										
294	5级会心宝石	deadlystrike_stone_5		34	294		Stone	3	294	4個同級寶石可合成1個高級寶石	1650000	5	2	1000	5	50	1	99999										
295	6级会心宝石	deadlystrike_stone_6		34	295		Stone	3	295	4個同級寶石可合成1個高級寶石	5000000	6	2	1000	6	60	1	99999										
296	7级会心宝石	deadlystrike_stone_7		34	296		Stone	3	296	4個同級寶石可合成1個高級寶石	15000000	7	2	1000	7	70	1	99999										
297	8级会心宝石	deadlystrike_stone_8		34	297		Stone	3	297	4個同級寶石可合成1個高級寶石	45000000	7	2	1000	7	80	1	99999										
298	9级会心宝石	deadlystrike_stone_9		34	298		Stone	3	298	4個同級寶石可合成1個高級寶石	45000000	7	2	1000	7	90	1	99999										
299	10级会心宝石	deadlystrike_stone_10		34	299		Stone	3	299	會心寶石10級	45000000	7	2	1000	7	100	1	99999										
300	1級減會心寶石	weaken_deadlystrike_stone_1		34	300		Stone	3	300	4個同級寶石可合成1個高級寶石	20000	1	2	1000	1	27	1	99999										
301	2级减会心宝石	weaken_deadlystrike_stone_2		34	301		Stone	3	301	4個同級寶石可合成1個高級寶石	60000	2	2	1000	2	27	1	99999										
302	3级减会心宝石	weaken_deadlystrike_stone_3		34	302		Stone	3	302	4個同級寶石可合成1個高級寶石	180000	3	2	1000	3	27	1	99999										
303	4级减会心宝石	weaken_deadlystrike_stone_4		34	303		Stone	3	303	4個同級寶石可合成1個高級寶石	540000	4	2	1000	4	40	1	99999										
304	5级减会心宝石	weaken_deadlystrike_stone_5		34	304		Stone	3	304	4個同級寶石可合成1個高級寶石	1650000	5	2	1000	5	50	1	99999										
305	6级减会心宝石	weaken_deadlystrike_stone_6		34	305		Stone	3	305	4個同級寶石可合成1個高級寶石	5000000	6	2	1000	6	60	1	99999										
306	7级减会心宝石	weaken_deadlystrike_stone_7		34	306		Stone	3	306	4個同級寶石可合成1個高級寶石	15000000	7	2	1000	7	70	1	99999										
307	8级减会心宝石	weaken_deadlystrike_stone_8		34	307		Stone	3	307	4個同級寶石可合成1個高級寶石	45000000	7	2	1000	7	80	1	99999										
308	9级减会心宝石	weaken_deadlystrike_stone_9		34	308		Stone	3	308	4個同級寶石可合成1個高級寶石	45000000	7	2	1000	7	90	1	99999										
309	10级减会心宝石	weaken_deadlystrike_stone_10		34	309		Stone	3	309	減會心寶石10級	45000000	7	2	1000	7	100	1	99999										
310	1級效果寶石	add_seriesstate_stone_1		34	310		Stone	3	310	4個同級寶石可合成1個高級寶石	20000	1	2	1000	1	27	1	99999										
311	2级效果宝石	add_seriesstate_stone_2		34	311		Stone	3	311	4個同級寶石可合成1個高級寶石	60000	2	2	1000	2	27	1	99999										
312	3级效果宝石	add_seriesstate_stone_3		34	312		Stone	3	312	4個同級寶石可合成1個高級寶石	180000	3	2	1000	3	27	1	99999										
313	4级效果宝石	add_seriesstate_stone_4		34	313		Stone	3	313	4個同級寶石可合成1個高級寶石	540000	4	2	1000	4	40	1	99999										
314	5级效果宝石	add_seriesstate_stone_5		34	314		Stone	3	314	4個同級寶石可合成1個高級寶石	1650000	5	2	1000	5	50	1	99999										
315	6级效果宝石	add_seriesstate_stone_6		34	315		Stone	3	315	4個同級寶石可合成1個高級寶石	5000000	6	2	1000	6	60	1	99999										
316	7级效果宝石	add_seriesstate_stone_7		34	316		Stone	3	316	4個同級寶石可合成1個高級寶石	15000000	7	2	1000	7	70	1	99999										
317	8级效果宝石	add_seriesstate_stone_8		34	317		Stone	3	317	4個同級寶石可合成1個高級寶石	45000000	7	2	1000	7	80	1	99999										
318	9级效果宝石	add_seriesstate_stone_9		34	318		Stone	3	318	4個同級寶石可合成1個高級寶石	45000000	7	2	1000	7	90	1	99999										
319	10级效果宝石	add_seriesstate_stone_10		34	319		Stone	3	319	效果寶石10級	45000000	7	2	1000	7	100	1	99999										
320	1級減效果寶石	resist_allseriesstate_stone_1		34	320		Stone	3	320	4個同級寶石可合成1個高級寶石	20000	1	2	1000	1	27	1	99999										
321	2级减效果宝石	resist_allseriesstate_stone_2		34	321		Stone	3	321	4個同級寶石可合成1個高級寶石	60000	2	2	1000	2	27	1	99999										
322	3级减效果宝石	resist_allseriesstate_stone_3		34	322		Stone	3	322	4個同級寶石可合成1個高級寶石	180000	3	2	1000	3	27	1	99999										
323	4级减效果宝石	resist_allseriesstate_stone_4		34	323		Stone	3	323	4個同級寶石可合成1個高級寶石	540000	4	2	1000	4	40	1	99999										
324	5级减效果宝石	resist_allseriesstate_stone_5		34	324		Stone	3	324	4個同級寶石可合成1個高級寶石	1650000	5	2	1000	5	50	1	99999										
325	6级减效果宝石	resist_allseriesstate_stone_6		34	325		Stone	3	325	4個同級寶石可合成1個高級寶石	5000000	6	2	1000	6	60	1	99999										
326	7级减效果宝石	resist_allseriesstate_stone_7		34	326		Stone	3	326	4個同級寶石可合成1個高級寶石	15000000	7	2	1000	7	70	1	99999										
327	8级减效果宝石	resist_allseriesstate_stone_8		34	327		Stone	3	327	4個同級寶石可合成1個高級寶石	45000000	7	2	1000	7	80	1	99999										
328	9级减效果宝石	resist_allseriesstate_stone_9		34	328		Stone	3	328	4個同級寶石可合成1個高級寶石	45000000	7	2	1000	7	90	1	99999										
329	10级减效果宝石	resist_allseriesstate_stone_10		34	329		Stone	3	329	減效果寶石10級	45000000	7	2	1000	7	100	1	99999										
1693	初級魂石·李三	stone_lisan		34	21001		Stone	3	21001	3個初級魂石可合成1個中級魂石	50000	1	2	1000	1		1	99999										
1694	初級魂石·盧青	stone_luqing		34	21002		Stone	3	21002	3個初級魂石可合成1個中級魂石	50000	1	2	1000	1		1	99999										
1695	初級魂石·鶯兒	stone_yinger		34	21003		Stone	3	21003	3個初級魂石可合成1個中級魂石	50000	1	2	1000	1		1	99999										
1696	初級魂石·顧武	stone_guwu		34	21004		Stone	3	21004	3個初級魂石可合成1個中級魂石	50000	1	2	1000	1		1	99999										
1697	初級魂石·殷方	stone_xiaowu		34	21005		Stone	3	21005	3個初級魂石可合成1個中級魂石	150000	2	2	1000	2		1	99999										
1698	初級魂石·蘇墨芸	stone_sumoyun		34	21006		Stone	3	21006	3個初級魂石可合成1個中級魂石	50000	1	2	1000	1		1	99999										
1699	初級魂石·蕭動塵	stone_xiaodongcheng		34	21007		Stone	3	21007	3個初級魂石可合成1個中級魂石	50000	1	2	1000	1		1	99999										
1700	初級魂石·胡神醫	stone_hushenyi		34	21008		Stone	3	21008	3個初級魂石可合成1個中級魂石	50000	1	2	1000	1		1	99999										
1701	初級魂石·秦沐白	stone_qinmubai		34	21009		Stone	3	21009	3個初級魂石可合成1個中級魂石	50000	1	2	1000	1		1	99999										
1702	初級魂石·張仲天	stone_zhangzhongtian		34	21010		Stone	3	21010	3個初級魂石可合成1個中級魂石	50000	1	2	1000	1		1	99999										
1703	初級魂石·路達	stone_luda		34	21011		Stone	3	21011	3個初級魂石可合成1個中級魂石	50000	1	2	1000	1		1	99999										
1704	初級魂石·白眉猴王(唯一)	stone_houwang		34	21012		Stone	3	21012	3個初級魂石可合成1個中級魂石	150000	2	2	1000	2		1	99999										
1705	初級魂石·大地狼王(唯一)	stone_langwang		34	21013		Stone	3	21013	3個初級魂石可合成1個中級魂石	150000	2	2	1000	2		1	99999										
1706	初級魂石·寒玉鹿王(唯一)	stone_luwang		34	21014		Stone	3	21014	3個初級魂石可合成1個中級魂石	150000	2	2	1000	2		1	99999										
1707	初級魂石·薔薇	stone_qiangwei		34	21015		Stone	3	21015	3個初級魂石可合成1個中級魂石	50000	1	2	1000	1		1	99999										
1708	初級魂石·紫軒	stone_zixuan		34	21016		Stone	3	21016	3個初級魂石可合成1個中級魂石	50000	1	2	1000	1		1	99999										
1709	初級魂石·卓非凡(唯一)	stone_zhuofeifan		34	21017		Stone	3	21017	3個初級魂石可合成1個中級魂石	150000	2	2	1000	2		1	99999										
1710	初級魂石·月明瑤	stone_yumingyao		34	21018		Stone	3	21018	3個初級魂石可合成1個中級魂石	150000	2	2	1000	2		1	99999										
1711	初級魂石·龍傲天	stone_longyaotian		34	21019		Stone	3	21019	3個初級魂石可合成1個中級魂石	150000	2	2	1000	2		1	99999										
1712	初級魂石·沫天然	stone_motianran		34	21020		Stone	3	21020	3個初級魂石可合成1個中級魂石	150000	2	2	1000	2		1	99999										
1713	初級魂石·少年楊影楓(唯一)	stone_syangyingfeng		34	21021		Stone	3	21021	3個初級魂石可合成1個中級魂石	450000	3	2	1000	3		1	99999										
1714	初級魂石·南宮彩虹	stone_nangongcaihong		34	21022		Stone	3	21022	3個初級魂石可合成1個中級魂石	50000	1	2	1000	1		1	99999										
1715	初級魂石·林海	stone_linhai		34	21023		Stone	3	21023	3個初級魂石可合成1個中級魂石	50000	1	2	1000	1		1	99999										
1716	初級魂石·陸文龍	stone_luwenlong		34	21024		Stone	3	21024	3個初級魂石可合成1個中級魂石	50000	1	2	1000	1		1	99999										
1717	初級魂石·趙無雙	stone_zhaowushuang		34	21025		Stone	3	21025	3個初級魂石可合成1個中級魂石	50000	1	2	1000	1		1	99999										
1718	初級魂石·無相	stone_wuxiang		34	21026		Stone	3	21026	3個初級魂石可合成1個中級魂石	50000	1	2	1000	1		1	99999										
1719	初級魂石·唐瀟	stone_tangxiao		34	21027		Stone	3	21027	3個初級魂石可合成1個中級魂石	150000	2	2	1000	2		1	99999										
1720	初級魂石·張如夢	stone_zhangrumeng		34	21028		Stone	3	21028	3個初級魂石可合成1個中級魂石	50000	1	2	1000	1		1	99999										
1721	初級魂石·張琳心	stone_zhanglinxin		34	21029		Stone	3	21029	3個初級魂石可合成1個中級魂石	150000	2	2	1000	2		1	99999										
1722	初級魂石·封玉書	stone_fengyushu		34	21030		Stone	3	21030	3個初級魂石可合成1個中級魂石	150000	2	2	1000	2		1	99999										
1723	初級魂石·趙節	stone_zhaojie		34	21031		Stone	3	21031	3個初級魂石可合成1個中級魂石	50000	1	2	1000	1		1	99999										
1724	初級魂石·邵騎風	stone_shaoqifeng		34	21032		Stone	3	21032	3個初級魂石可合成1個中級魂石	50000	1	2	1000	1		1	99999										
1725	初級魂石·何暮雪	stone_hemuxue		34	21033		Stone	3	21033	3個初級魂石可合成1個中級魂石	150000	2	2	1000	2		1	99999										
1726	初級魂石·趙升權	stone_zhaoshengquan		34	21034		Stone	3	21034	3個初級魂石可合成1個中級魂石	150000	2	2	1000	2		1	99999										
1727	初級魂石·納蘭真	stone_nalanzhen		34	21035		Stone	3	21035	3個初級魂石可合成1個中級魂石	150000	2	2	1000	2		1	99999										
1728	初級魂石·柴嵩	stone_chaisong		34	21036		Stone	3	21036	3個初級魂石可合成1個中級魂石	150000	2	2	1000	2		1	99999										
1729	初級魂石·曲霞	stone_quxia		34	21037		Stone	3	21037	3個初級魂石可合成1個中級魂石	450000	3	2	1000	3		1	99999										
1730	初級魂石·耶律辟離(唯一)	stone_yelvpili		34	21038		Stone	3	21038	3個初級魂石可合成1個中級魂石	450000	3	2	1000	3		1	99999										
1731	初級魂石·楊鐵心(唯一)	stone_yangtiexin		34	21039		Stone	3	21039	3個初級魂石可合成1個中級魂石	450000	3	2	1000	3		1	99999										
1732	初級魂石·無想	stone_wuxiangg		34	21040		Stone	3	21040	3個初級魂石可合成1個中級魂石	450000	3	2	1000	3		1	99999										
1733	初級魂石·柳瀟庭(唯一)	stone_liuxiaoting		34	21041		Stone	3	21041	3個初級魂石可合成1個中級魂石	450000	3	2	1000	3		1	99999										
1734	初級魂石·李恬兒(唯一)	stone_litianer		34	21042		Stone	3	21042	3個初級魂石可合成1個中級魂石	450000	3	2	1000	3		1	99999										
1735	初級魂石·李天目(唯一)	stone_litianmu		34	21043		Stone	3	21043	3個初級魂石可合成1個中級魂石	450000	3	2	1000	3		1	99999										
1736	初級魂石·完顏襄(唯一)	stone_wanyanxiang		34	21044		Stone	3	21044	3個初級魂石可合成1個中級魂石	450000	3	2	1000	3		1	99999										
2847	初級魂石·玄慈(唯一)	stone_xuanci		34	21098		Stone	3	21098	3個初級魂石可合成1個中級魂石	450000	3	2	1000	3		1	99999										
1737	初級魂石·邵宏淵	stone_shaohongyuan		34	21045		Stone	3	21045	3個初級魂石可合成1個中級魂石	150000	2	2	1000	2		1	99999										
1738	初級魂石·白彥敬	stone_baiyanjing		34	21046		Stone	3	21046	3個初級魂石可合成1個中級魂石	150000	2	2	1000	2		1	99999										
1739	初級魂石·耶律楚材(唯一)	stone_yelvchucai		34	21047		Stone	3	21047	3個初級魂石可合成1個中級魂石	450000	3	2	1000	3		1	99999										
1740	初級魂石·雷風	stone_leifeng		34	21048		Stone	3	21048	3個初級魂石可合成1個中級魂石	150000	2	2	1000	2		1	99999										
1741	初級魂石·雷同	stone_leitong		34	21049		Stone	3	21049	3個初級魂石可合成1個中級魂石	150000	2	2	1000	2		1	99999										
1742	初級魂石·唐娟娟	stone_tangjuanjuan		34	21050		Stone	3	21050	3個初級魂石可合成1個中級魂石	150000	2	2	1000	2		1	99999										
1743	初級魂石·雷震天(唯一)	stone_leizhengtian		34	21051		Stone	3	21051	3個初級魂石可合成1個中級魂石	450000	3	2	1000	3		1	99999										
1744	初級魂石·奪寶賊	stone_duobaozei		34	21052		Stone	3	21052	3個初級魂石可合成1個中級魂石	150000	2	2	1000	2		1	99999										
1745	初級魂石·雙首異獸(唯一)	stone_yishou		34	21053		Stone	3	21053	3個初級魂石可合成1個中級魂石	150000	2	2	1000	2		1	99999										
1746	初級魂石·奔焰豹王(唯一)	stone_baowang		34	21054		Stone	3	21054	3個初級魂石可合成1個中級魂石	150000	2	2	1000	2		1	99999										
1747	初級魂石·九尾狐王(唯一)	stone_huwang		34	21055		Stone	3	21055	3個初級魂石可合成1個中級魂石	150000	2	2	1000	2		1	99999										
2528	初級魂石·楊瑛(唯一)	stone_yangyin		34	21079		Stone	3	21079	3個初級魂石可合成1個中級魂石	1350000	4	2	1000	4		1	99999										
2529	初級魂石·清曉師太(唯一)	stone_qingxiao		34	21080		Stone	3	21080	3個初級魂石可合成1個中級魂石	1350000	4	2	1000	4		1	99999										
2530	初級魂石·祝子虛(唯一)	stone_zhuzixu		34	21081		Stone	3	21081	3個初級魂石可合成1個中級魂石	1350000	4	2	1000	4		1	99999										
2531	初級魂石·黃玉英(唯一)	stone_huangyuying		34	21082		Stone	3	21082	3個初級魂石可合成1個中級魂石	1350000	4	2	1000	4		1	99999										
2532	初級魂石·道一真人(唯一)	stone_daoyi		34	21083		Stone	3	21083	3個初級魂石可合成1個中級魂石	1350000	4	2	1000	4		1	99999										
2533	初級魂石·端木睿(唯一)	stone_duanmurui		34	21084		Stone	3	21084	3個初級魂石可合成1個中級魂石	1350000	4	2	1000	4		1	99999										
2848	初級魂石·玄因(唯一)	stone_xuanyin		34	21099		Stone	3	21099	3個初級魂石可合成1個中級魂石	1350000	4	2	1000	4		1	99999										
1748	初級魂石·高長恭	stone_gaochanggong		34	21056		Stone	3	21056	3個初級魂石可合成1個中級魂石	450000	3	2	1000	3		1	99999										
1749	初級魂石·哲別(唯一)	stone_zhebie		34	21057		Stone	3	21057	3個初級魂石可合成1個中級魂石	450000	3	2	1000	3		1	99999										
1750	初級魂石·秦良玉	stone_qinliangyu		34	21058		Stone	3	21058	3個初級魂石可合成1個中級魂石	450000	3	2	1000	3		1	99999										
1751	初級魂石·袁承志	stone_yuanchengzhi		34	21059		Stone	3	21059	3個初級魂石可合成1個中級魂石	450000	3	2	1000	3		1	99999										
1752	初級魂石·鼇拜	stone_aobai		34	21060		Stone	3	21060	3個初級魂石可合成1個中級魂石	450000	3	2	1000	3		1	99999										
1753	初級魂石·韓世忠	stone_hanshizhong		34	21061		Stone	3	21061	3個初級魂石可合成1個中級魂石	450000	3	2	1000	3		1	99999										
1754	初級魂石·赤睛虎皇(唯一)	stone_huhuang		34	21062		Stone	3	21062	3個初級魂石可合成1個中級魂石	1350000	4	2	1000	4		1	99999										
1755	初級魂石·撼天熊皇(唯一)	stone_xionghuang		34	21063		Stone	3	21063	3個初級魂石可合成1個中級魂石	1350000	4	2	1000	4		1	99999										
1756	初級魂石·紫背鱷皇(唯一)	stone_ehuang		34	21064		Stone	3	21064	3個初級魂石可合成1個中級魂石	1350000	4	2	1000	4		1	99999										
1757	初級魂石·定海金剛(唯一)	stone_jingang		34	21065		Stone	3	21065	3個初級魂石可合成1個中級魂石	1350000	4	2	1000	4		1	99999										
1758	初級魂石·金翅鵬皇(唯一)	stone_penghuang		34	21066		Stone	3	21066	3個初級魂石可合成1個中級魂石	1350000	4	2	1000	4		1	99999										
1759	初級魂石·銀角犀皇(唯一)	stone_xihuang		34	21067		Stone	3	21067	3個初級魂石可合成1個中級魂石	1350000	4	2	1000	4		1	99999										
2534	初級魂石·孟知秋(唯一)	stone_mengzhiqiu		34	21085		Stone	3	21085	3個初級魂石可合成1個中級魂石	1350000	4	2	1000	4		1	99999										
2535	初級魂石·李顯忠(唯一)	stone_lixianzhong		34	21086		Stone	3	21086	3個初級魂石可合成1個中級魂石	1350000	4	2	1000	4		1	99999										
2536	初級魂石·徒單克寧(唯一)	stone_tudankening		34	21087		Stone	3	21087	3個初級魂石可合成1個中級魂石	1350000	4	2	1000	4		1	99999										
2668	初級魂石·獨孤劍(唯一)	stone_dugujian		34	21088		Stone	3	21088	3個初級魂石可合成1個中級魂石	1350000	4	2	1000	4		1	99999										
2880	初級魂石·南宮飛雲(唯一)	stone_nangongfeiyun		34	21100		Stone	3	21100	3個初級魂石可合成1個中級魂石	1350000	4	2	1000	4		1	99999										
2881	初級魂石·楊影楓(唯一)	stone_yangyingfeng		34	21101		Stone	3	21101	3個初級魂石可合成1個中級魂石	1350000	4	2	1000	4		1	99999										
2672	初級魂石·荊軻(唯一)	stone_jingke		34	21089		Stone	3	21089	3個初級魂石可合成1個中級魂石	1350000	4	2	1000	4		1	99999										
2673	初級魂石·虞姬(唯一)	stone_yuji		34	21090		Stone	3	21090	3個初級魂石可合成1個中級魂石	1350000	4	2	1000	4		1	99999										
2674	初級魂石·岳飛(唯一)	stone_yuefei		34	21091		Stone	3	21091	3個初級魂石可合成1個中級魂石	1350000	4	2	1000	4		1	99999										
2696	初級魂石·完顏洪烈(唯一)	stone_wanyanhonglie		34	21092		Stone	3	21092	3個初級魂石可合成1個中級魂石	1350000	4	2	1000	4		1	99999										
2824	初級魂石·玄天武機(唯一)	stone_xuantianwuji		34	21093		Stone	3	21093	3個初級魂石可合成1個中級魂石	1350000	4	2	1000	4		1	99999										
2825	初級魂石·白起(唯一)	stone_baiqi		34	21094		Stone	3	21094	3個初級魂石可合成1個中級魂石	1350000	4	2	1000	4		1	99999										
2826	初級魂石·李斯(唯一)	stone_lisi		34	21095		Stone	3	21095	3個初級魂石可合成1個中級魂石	1350000	4	2	1000	4		1	99999										
3022	初級魂石·雷(唯一)	stone_lei		34	21102		Stone	3	21102	3個初級魂石可合成1個中級魂石	1350000	4	2	1000	4		1	99999										
2827	初級魂石·秦始皇(陰)(唯一)	stone_qshyin		34	21096		Stone	3	21096	3個初級魂石可合成1個中級魂石	4000000	5	2	1000	5		1	99999										
2828	初級魂石·秦始皇(陽)(唯一)	stone_qshyang		34	21097		Stone	3	21097	3個初級魂石可合成1個中級魂石	4000000	5	2	1000	5		1	99999										
1760	初級魂石·張風	stone_zhangfeng		34	21068		Stone	3	21068	3個初級魂石可合成1個中級魂石	150000	2	2	1000	2		1	99999										
1761	初級魂石·月眉兒	stone_yuemeier		34	21069		Stone	3	21069	3個初級魂石可合成1個中級魂石	150000	2	2	1000	2		1	99999										
1762	初級魂石·天星道長	stone_tianxingdaozhang		34	21070		Stone	3	21070	3個初級魂石可合成1個中級魂石	450000	3	2	1000	3		1	99999										
1763	初級魂石·燕若雪	stone_yanruoxue		34	21071		Stone	3	21071	3個初級魂石可合成1個中級魂石	450000	3	2	1000	3		1	99999										
1764	初級魂石·楊熙烈	stone_yangxilie		34	21072		Stone	3	21072	3個初級魂石可合成1個中級魂石	450000	3	2	1000	3		1	99999										
1765	初級魂石·上官飛龍(唯一)	stone_shangguanfeilong		34	21073		Stone	3	21073	3個初級魂石可合成1個中級魂石	450000	3	2	1000	3		1	99999										
1766	初級魂石·納蘭潛凜(唯一)	stone_nalanqianlin		34	21074		Stone	3	21074	3個初級魂石可合成1個中級魂石	450000	3	2	1000	3		1	99999										
1767	初級魂石·方勉	stone_fangmian		34	21075		Stone	3	21075	3個初級魂石可合成1個中級魂石	450000	3	2	1000	3		1	99999										
1768	初級魂石·南宮滅	stone_nangongmie		34	21076		Stone	3	21076	3個初級魂石可合成1個中級魂石	450000	3	2	1000	3		1	99999										
1769	初級魂石·唐影	stone_tangying		34	21077		Stone	3	21077	3個初級魂石可合成1個中級魂石	450000	3	2	1000	3		1	99999										
1770	初級魂石·秋依水	stone_qiuyishui		34	21078		Stone	3	21078	3個初級魂石可合成1個中級魂石	450000	3	2	1000	3		1	99999										
3215	初級魂石·李元霸(唯一)	stone_liyuanba		34	21103		Stone	3	21103	3個初級魂石可合成1個中級魂石	1350000	4	2	1000	4		1	99999										
3216	初級魂石·趙雲(唯一)	stone_zhaoyun		34	21104		Stone	3	21104	3個初級魂石可合成1個中級魂石	1350000	4	2	1000	4		1	99999										
3217	初級魂石·李廣(唯一)	stone_liguang		34	21105		Stone	3	21105	3個初級魂石可合成1個中級魂石	1350000	4	2	1000	4		1	99999										
3371	初級魂石·尹含煙(唯一)	stone_yinhanyan		34	21106		Stone	3	21106	3個初級魂石可合成1個中級魂石	1350000	4	2	1000	4		1	99999										
3372	初級魂石·璿璣子(唯一)	stone_xuanjizi		34	21107		Stone	3	21107	3個初級魂石可合成1個中級魂石	1350000	4	2	1000	4		1	99999										
3373	初級魂石·玄天道人(唯一)	stone_xuantiandaoren		34	21108		Stone	3	21108	3個初級魂石可合成1個中級魂石	1350000	4	2	1000	4		1	99999										
3709	初級魂石·年獸(唯一)	stone_nianshou		34	21109		Stone	3	21109	3個初級魂石可合成1個中級魂石	1350000	4	2	1000	4		1	99999										
3854	初級魂石·黑面郎君(唯一)	stone_heimianlangjun		34	21110		Stone	3	21110	3個初級魂石可合成1個中級魂石	1350000	4	2	1000	4		1	99999										
3855	初級魂石·何人我(唯一)	stone_herenwo		34	21111		Stone	3	21111	3個初級魂石可合成1個中級魂石	1350000	4	2	1000	4		1	99999										
3856	初級魂石·唐仇(唯一)	stone_tangchou		34	21112		Stone	3	21112	3個初級魂石可合成1個中級魂石	1350000	4	2	1000	4		1	99999										
3897	初級魂石·唐簡(唯一)	stone_tangjian		34	21113		Stone	3	21113	3個初級魂石可合成1個中級魂石	4050000	5	2	1000	5		1	99999										
4053	初級魂石·完顏洪烈(真)(唯一)	stone_wanyanhongliezhen		34	21114		Stone	3	21114	3個初級魂石可合成1個中級魂石	4000000	5	2	1000	5		1	99999										
4540	初級魂石·冰鱗蜥皇(唯一)	stone_xiwang		34	21115		Stone	3	21115	3個初級魂石可合成1個中級魂石	1350000	4	2	1000	4		1	99999										
4541	初級魂石·銀鉤蠍皇(唯一)	stone_xiewang		34	21116		Stone	3	21116	3個初級魂石可合成1個中級魂石	1350000	4	2	1000	4		1	99999										
4542	初級魂石·狂鬃獒皇(唯一)	stone_aowang		34	21117		Stone	3	21117	3個初級魂石可合成1個中級魂石	1350000	4	2	1000	4		1	99999										
4595	初級魂石·項羽(唯一)	stone_xiangyu		34	21118		Stone	3	21118	3個初級魂石可合成1個中級魂石	4050000	5	2	1000	5		1	99999										
4849	初級魂石·唐曉(唯一)	stone_tangxiao2_1		34	21119		Stone	3	21119	3個初級魂石可合成1個中級魂石	4000000	5	2	1000	5		1	99999										
4873	初級魂石·宋秋石(唯一)	stone_songqiushi		34	21120		Stone	3	21120	3個初級魂石可合成1個中級魂石	1350000	4	2	1000	4		1	99999										
4874	初級魂石·古嫣然(唯一)	stone_guyanran		34	21121		Stone	3	21121	3個初級魂石可合成1個中級魂石	1350000	4	2	1000	4		1	99999										
5432	初級魂石·尹筱雨(唯一)	stone_yinxiaoyu		34	21122		Stone	3	21122	3個初級魂石可合成1個中級魂石	1350000	4	2	1000	4		1	99999										
5433	初級魂石·石軒轅(唯一)	stone_shixuanyuan		34	21123		Stone	3	21123	3個初級魂石可合成1個中級魂石	1350000	4	2	1000	4		1	99999										
6067	初級魂石·葉青陽(唯一)	stone_yeqingyang		34	21124		Stone	3	21124	3個初級魂石可合成1個中級魂石	1350000	4	2	1000	4		1	99999										
6068	初級魂石·冰儀(唯一)	stone_bingyi		34	21125		Stone	3	21125	3個初級魂石可合成1個中級魂石	1350000	4	2	1000	4		1	99999										
6069	初級魂石·楊再興(唯一)	stone_yangzaixing		34	21126		Stone	3	21126	3個初級魂石可合成1個中級魂石	1350000	4	2	1000	4		1	99999										
6070	初級魂石·完顏婁室(唯一)	stone_wanyanloushi		34	21127		Stone	3	21127	3個初級魂石可合成1個中級魂石	1350000	4	2	1000	4		1	99999										
6100	初級魂石·蕭玉竹(唯一)	stone_xiaoyuzhu		34	21128		Stone	3	21128	3個初級魂石可合成1個中級魂石	1350000	4	2	1000	4		1	99999										
6101	初級魂石·金兀術(唯一)	stone_jinwuzhu		34	21129		Stone	3	21129	3個初級魂石可合成1個中級魂石	1350000	4	2	1000	4		1	99999										
6112	初級魂石·絕世虞姬(唯一)	stone_jueshiyuji		34	21130		Stone	3	21130	3個初級魂石可合成1個中級魂石	4050000	5	2	1000	5		1	99999										
6126	初級魂石·武則天(陰)(唯一)	stone_wuzetianyin		34	21131		Stone	3	21131	3個初級魂石可合成1個中級魂石	4050000	5	2	1000	5		1	99999										
6127	初級魂石·武則天(陽)(唯一)	stone_wuzetianyang		34	21132		Stone	3	21132	3個初級魂石可合成1個中級魂石	4050000	5	2	1000	5		1	99999										
6128	初級魂石·狄仁傑(唯一)	stone_direnjie		34	21133		Stone	3	21133	3個初級魂石可合成1個中級魂石	1350000	4	2	1000	4		1	99999										
6129	初級魂石·元芳(唯一)	stone_liyuanfang		34	21134		Stone	3	21134	3個初級魂石可合成1個中級魂石	1350000	4	2	1000	4		1	99999										
6130	初級魂石·無字碑(唯一)	stone_wuzibei		34	21135		Stone	3	21135	3個初級魂石可合成1個中級魂石	1350000	4	2	1000	4		1	99999										
1772	中級魂石·李三	stone_lisan_2		34	22001		Stone	3	22001	3個中級魂石可合成1個高級魂石	150000	2	2	1000	2		1	99999										
1771	中級魂石·盧青	stone_luqing_2		34	22002		Stone	3	22002	3個中級魂石可合成1個高級魂石	150000	2	2	1000	2		1	99999										
1773	中級魂石·鶯兒	stone_yinger_2		34	22003		Stone	3	22003	3個中級魂石可合成1個高級魂石	150000	2	2	1000	2		1	99999										
1774	中級魂石·顧武	stone_guwu_2		34	22004		Stone	3	22004	3個中級魂石可合成1個高級魂石	150000	2	2	1000	2		1	99999										
1775	中級魂石·殷方	stone_xiaowu_2		34	22005		Stone	3	22005	3個中級魂石可合成1個高級魂石	450000	3	2	1000	3		1	99999										
1776	中級魂石·蘇墨芸	stone_sumoyun_2		34	22006		Stone	3	22006	3個中級魂石可合成1個高級魂石	150000	2	2	1000	2		1	99999										
1777	中級魂石·蕭動塵	stone_xiaodongcheng_2		34	22007		Stone	3	22007	3個中級魂石可合成1個高級魂石	150000	2	2	1000	2		1	99999										
1778	中級魂石·胡神醫	stone_hushenyi_2		34	22008		Stone	3	22008	3個中級魂石可合成1個高級魂石	150000	2	2	1000	2		1	99999										
1779	中級魂石·秦沐白	stone_qinmubai_2		34	22009		Stone	3	22009	3個中級魂石可合成1個高級魂石	150000	2	2	1000	2		1	99999										
1780	中級魂石·張仲天	stone_zhangzhongtian_2		34	22010		Stone	3	22010	3個中級魂石可合成1個高級魂石	150000	2	2	1000	2		1	99999										
1781	中級魂石·路達	stone_luda_2		34	22011		Stone	3	22011	3個中級魂石可合成1個高級魂石	150000	2	2	1000	2		1	99999										
1782	中級魂石·白眉猴王(唯一)	stone_houwang_2		34	22012		Stone	3	22012	3個中級魂石可合成1個高級魂石	450000	3	2	1000	3		1	99999										
1783	中級魂石·大地狼王(唯一)	stone_langwang_2		34	22013		Stone	3	22013	3個中級魂石可合成1個高級魂石	450000	3	2	1000	3		1	99999										
1784	中級魂石·寒玉鹿王(唯一)	stone_luwang_2		34	22014		Stone	3	22014	3個中級魂石可合成1個高級魂石	450000	3	2	1000	3		1	99999										
1785	中級魂石·薔薇	stone_qiangwei_2		34	22015		Stone	3	22015	3個中級魂石可合成1個高級魂石	150000	2	2	1000	2		1	99999										
1786	中級魂石·紫軒	stone_zixuan_2		34	22016		Stone	3	22016	3個中級魂石可合成1個高級魂石	150000	2	2	1000	2		1	99999										
1787	中級魂石·卓非凡(唯一)	stone_zhuofeifan_2		34	22017		Stone	3	22017	3個中級魂石可合成1個高級魂石	450000	3	2	1000	3		1	99999										
1788	中級魂石·月明瑤	stone_yumingyao_2		34	22018		Stone	3	22018	3個中級魂石可合成1個高級魂石	450000	3	2	1000	3		1	99999										
1789	中級魂石·龍傲天	stone_longyaotian_2		34	22019		Stone	3	22019	3個中級魂石可合成1個高級魂石	450000	3	2	1000	3		1	99999										
1790	中級魂石·沫天然	stone_motianran_2		34	22020		Stone	3	22020	3個中級魂石可合成1個高級魂石	450000	3	2	1000	3		1	99999										
1791	中級魂石·少年楊影楓(唯一)	stone_syangyingfeng_2		34	22021		Stone	3	22021	3個中級魂石可合成1個高級魂石	1350000	4	2	1000	4		1	99999										
1792	中級魂石·南宮彩虹	stone_nangongcaihong_2		34	22022		Stone	3	22022	3個中級魂石可合成1個高級魂石	150000	2	2	1000	2		1	99999										
1793	中級魂石·林海	stone_linhai_2		34	22023		Stone	3	22023	3個中級魂石可合成1個高級魂石	150000	2	2	1000	2		1	99999										
1794	中級魂石·陸文龍	stone_luwenlong_2		34	22024		Stone	3	22024	3個中級魂石可合成1個高級魂石	150000	2	2	1000	2		1	99999										
1795	中級魂石·趙無雙	stone_zhaowushuang_2		34	22025		Stone	3	22025	3個中級魂石可合成1個高級魂石	150000	2	2	1000	2		1	99999										
1796	中級魂石·無相	stone_wuxiang_2		34	22026		Stone	3	22026	3個中級魂石可合成1個高級魂石	150000	2	2	1000	2		1	99999										
1797	中級魂石·唐瀟	stone_tangxiao_2		34	22027		Stone	3	22027	3個中級魂石可合成1個高級魂石	450000	3	2	1000	3		1	99999										
1798	中級魂石·張如夢	stone_zhangrumeng_2		34	22028		Stone	3	22028	3個中級魂石可合成1個高級魂石	150000	2	2	1000	2		1	99999										
1799	中級魂石·張琳心	stone_zhanglinxin_2		34	22029		Stone	3	22029	3個中級魂石可合成1個高級魂石	450000	3	2	1000	3		1	99999										
1800	中級魂石·封玉書	stone_fengyushu_2		34	22030		Stone	3	22030	3個中級魂石可合成1個高級魂石	450000	3	2	1000	3		1	99999										
1801	中級魂石·趙節	stone_zhaojie_2		34	22031		Stone	3	22031	3個中級魂石可合成1個高級魂石	150000	2	2	1000	2		1	99999										
1802	中級魂石·邵騎風	stone_shaoqifeng_2		34	22032		Stone	3	22032	3個中級魂石可合成1個高級魂石	150000	2	2	1000	2		1	99999										
1803	中級魂石·何暮雪	stone_hemuxue_2		34	22033		Stone	3	22033	3個中級魂石可合成1個高級魂石	450000	3	2	1000	3		1	99999										
1804	中級魂石·趙升權	stone_zhaoshengquan_2		34	22034		Stone	3	22034	3個中級魂石可合成1個高級魂石	450000	3	2	1000	3		1	99999										
1805	中級魂石·納蘭真	stone_nalanzhen_2		34	22035		Stone	3	22035	3個中級魂石可合成1個高級魂石	450000	3	2	1000	3		1	99999										
1806	中級魂石·柴嵩	stone_chaisong_2		34	22036		Stone	3	22036	3個中級魂石可合成1個高級魂石	450000	3	2	1000	3		1	99999										
1807	中級魂石·曲霞	stone_quxia_2		34	22037		Stone	3	22037	3個中級魂石可合成1個高級魂石	1350000	4	2	1000	4		1	99999										
1808	中級魂石·耶律辟離(唯一)	stone_yelvpili_2		34	22038		Stone	3	22038	3個中級魂石可合成1個高級魂石	1350000	4	2	1000	4		1	99999										
1809	中級魂石·楊鐵心(唯一)	stone_yangtiexin_2		34	22039		Stone	3	22039	3個中級魂石可合成1個高級魂石	1350000	4	2	1000	4		1	99999										
1810	中級魂石·無想	stone_wuxiangg_2		34	22040		Stone	3	22040	3個中級魂石可合成1個高級魂石	1350000	4	2	1000	4		1	99999										
1811	中級魂石·柳瀟庭(唯一)	stone_liuxiaoting_2		34	22041		Stone	3	22041	3個中級魂石可合成1個高級魂石	1350000	4	2	1000	4		1	99999										
1812	中級魂石·李恬兒(唯一)	stone_litianer_2		34	22042		Stone	3	22042	3個中級魂石可合成1個高級魂石	1350000	4	2	1000	4		1	99999										
1813	中級魂石·李天目(唯一)	stone_litianmu_2		34	22043		Stone	3	22043	3個中級魂石可合成1個高級魂石	1350000	4	2	1000	4		1	99999										
1814	中級魂石·完顏襄(唯一)	stone_wanyanxiang_2		34	22044		Stone	3	22044	3個中級魂石可合成1個高級魂石	1350000	4	2	1000	4		1	99999										
2849	中級魂石·玄慈(唯一)	stone_xuanci_2		34	22098		Stone	3	22098	3個中級魂石可合成1個高級魂石	1350000	4	2	1000	4		1	99999										
1815	中級魂石·邵宏淵	stone_shaohongyuan_2		34	22045		Stone	3	22045	3個中級魂石可合成1個高級魂石	450000	3	2	1000	3		1	99999										
1816	中級魂石·白彥敬	stone_baiyanjing_2		34	22046		Stone	3	22046	3個中級魂石可合成1個高級魂石	450000	3	2	1000	3		1	99999										
1817	中級魂石·耶律楚材(唯一)	stone_yelvchucai_2		34	22047		Stone	3	22047	3個中級魂石可合成1個高級魂石	1350000	4	2	1000	4		1	99999										
1818	中級魂石·雷風	stone_leifeng_2		34	22048		Stone	3	22048	3個中級魂石可合成1個高級魂石	450000	3	2	1000	3		1	99999										
1819	中級魂石·雷同	stone_leitong_2		34	22049		Stone	3	22049	3個中級魂石可合成1個高級魂石	450000	3	2	1000	3		1	99999										
1820	中級魂石·唐娟娟	stone_tangjuanjuan_2		34	22050		Stone	3	22050	3個中級魂石可合成1個高級魂石	450000	3	2	1000	3		1	99999										
1821	中級魂石·雷震天(唯一)	stone_leizhengtian_2		34	22051		Stone	3	22051	3個中級魂石可合成1個高級魂石	1350000	4	2	1000	4		1	99999										
1822	中級魂石·奪寶賊	stone_duobaozei_2		34	22052		Stone	3	22052	3個中級魂石可合成1個高級魂石	450000	3	2	1000	3		1	99999										
1823	中級魂石·雙首異獸(唯一)	stone_yishou_2		34	22053		Stone	3	22053	3個中級魂石可合成1個高級魂石	450000	3	2	1000	3		1	99999										
1824	中級魂石·奔焰豹王(唯一)	stone_baowang_2		34	22054		Stone	3	22054	3個中級魂石可合成1個高級魂石	450000	3	2	1000	3		1	99999										
1825	中級魂石·九尾狐王(唯一)	stone_huwang_2		34	22055		Stone	3	22055	3個中級魂石可合成1個高級魂石	450000	3	2	1000	3		1	99999										
2537	中級魂石·楊瑛(唯一)	stone_yangyin_2		34	22079		Stone	3	22079	3個中級魂石可合成1個高級魂石	4000000	5	2	1000	5		1	99999										
2538	中級魂石·清曉師太(唯一)	stone_qingxiao_2		34	22080		Stone	3	22080	3個中級魂石可合成1個高級魂石	4000000	5	2	1000	5		1	99999										
2539	中級魂石·祝子虛(唯一)	stone_zhuzixu_2		34	22081		Stone	3	22081	3個中級魂石可合成1個高級魂石	4000000	5	2	1000	5		1	99999										
2540	中級魂石·黃玉英(唯一)	stone_huangyuying_2		34	22082		Stone	3	22082	3個中級魂石可合成1個高級魂石	4000000	5	2	1000	5		1	99999										
2541	中級魂石·道一真人(唯一)	stone_daoyi_2		34	22083		Stone	3	22083	3個中級魂石可合成1個高級魂石	4000000	5	2	1000	5		1	99999										
2542	中級魂石·端木睿(唯一)	stone_duanmurui_2		34	22084		Stone	3	22084	3個中級魂石可合成1個高級魂石	4000000	5	2	1000	5		1	99999										
2850	中級魂石·玄因(唯一)	stone_xuanyin_2		34	22099		Stone	3	22099	3個中級魂石可合成1個高級魂石	4000000	5	2	1000	5		1	99999										
1826	中級魂石·高長恭	stone_gaochanggong_2		34	22056		Stone	3	22056	3個中級魂石可合成1個高級魂石	1350000	4	2	1000	4		1	99999										
1827	中級魂石·哲別(唯一)	stone_zhebie_2		34	22057		Stone	3	22057	3個中級魂石可合成1個高級魂石	1350000	4	2	1000	4		1	99999										
1828	中級魂石·秦良玉	stone_qinliangyu_2		34	22058		Stone	3	22058	3個中級魂石可合成1個高級魂石	1350000	4	2	1000	4		1	99999										
1829	中級魂石·袁承志	stone_yuanchengzhi_2		34	22059		Stone	3	22059	3個中級魂石可合成1個高級魂石	1350000	4	2	1000	4		1	99999										
1830	中級魂石·鼇拜	stone_aobai_2		34	22060		Stone	3	22060	3個中級魂石可合成1個高級魂石	1350000	4	2	1000	4		1	99999										
1831	中級魂石·韓世忠	stone_hanshizhong_2		34	22061		Stone	3	22061	3個中級魂石可合成1個高級魂石	1350000	4	2	1000	4		1	99999										
1832	中級魂石·赤睛虎皇(唯一)	stone_huhuang_2		34	22062		Stone	3	22062	3個中級魂石可合成1個高級魂石	4000000	5	2	1000	5		1	99999										
1833	中級魂石·撼天熊皇(唯一)	stone_xionghuang_2		34	22063		Stone	3	22063	3個中級魂石可合成1個高級魂石	4000000	5	2	1000	5		1	99999										
1834	中級魂石·紫背鱷皇(唯一)	stone_ehuang_2		34	22064		Stone	3	22064	3個中級魂石可合成1個高級魂石	4000000	5	2	1000	5		1	99999										
1835	中級魂石·定海金剛(唯一)	stone_jingang_2		34	22065		Stone	3	22065	3個中級魂石可合成1個高級魂石	4000000	5	2	1000	5		1	99999										
1836	中級魂石·金翅鵬皇(唯一)	stone_penghuang_2		34	22066		Stone	3	22066	3個中級魂石可合成1個高級魂石	4000000	5	2	1000	5		1	99999										
1837	中級魂石·銀角犀皇(唯一)	stone_xihuang_2		34	22067		Stone	3	22067	3個中級魂石可合成1個高級魂石	4000000	5	2	1000	5		1	99999										
2543	中級魂石·孟知秋(唯一)	stone_mengzhiqiu_2		34	22085		Stone	3	22085	3個中級魂石可合成1個高級魂石	4000000	5	2	1000	5		1	99999										
2544	中級魂石·李顯忠(唯一)	stone_lixianzhong_2		34	22086		Stone	3	22086	3個中級魂石可合成1個高級魂石	4000000	5	2	1000	5		1	99999										
2545	中級魂石·徒單克寧(唯一)	stone_tudankening_2		34	22087		Stone	3	22087	3個中級魂石可合成1個高級魂石	4000000	5	2	1000	5		1	99999										
2669	中級魂石·獨孤劍(唯一)	stone_dugujian_2		34	22088		Stone	3	22088	3個中級魂石可合成1個高級魂石	4000000	5	2	1000	5		1	99999										
2882	中級魂石·南宮飛雲(唯一)	stone_nangongfeiyun_2		34	22100		Stone	3	22100	3個初級魂石可合成1個中級魂石	4000000	5	2	1000	5		1	99999										
2883	中級魂石·楊影楓(唯一)	stone_yangyingfeng_2		34	22101		Stone	3	22101	3個初級魂石可合成1個中級魂石	4000000	5	2	1000	5		1	99999										
2675	中級魂石·荊軻(唯一)	stone_jingke_2		34	22089		Stone	3	22089	3個中級魂石可合成1個高級魂石	4000000	5	2	1000	5		1	99999										
2676	中級魂石·虞姬(唯一)	stone_yuji_2		34	22090		Stone	3	22090	3個中級魂石可合成1個高級魂石	4000000	5	2	1000	5		1	99999										
2677	中級魂石·岳飛(唯一)	stone_yuefei_2		34	22091		Stone	3	22091	3個中級魂石可合成1個高級魂石	4000000	5	2	1000	5		1	99999										
2697	中級魂石·完顏洪烈(唯一)	stone_wanyanhonglie_2		34	22092		Stone	3	22092	3個中級魂石可合成1個高級魂石	4000000	5	2	1000	5		1	99999										
2829	中級魂石·玄天武機(唯一)	stone_xuantianwuji_2		34	22093		Stone	3	22093	3個中級魂石可合成1個高級魂石	4000000	5	2	1000	5		1	99999										
2830	中級魂石·白起(唯一)	stone_baiqi_2		34	22094		Stone	3	22094	3個中級魂石可合成1個高級魂石	4000000	5	2	1000	5		1	99999										
2831	中級魂石·李斯(唯一)	stone_lisi_2		34	22095		Stone	3	22095	3個中級魂石可合成1個高級魂石	4000000	5	2	1000	5		1	99999										
3023	中級魂石·雷(唯一)	stone_lei_2		34	22102		Stone	3	22102	3個中級魂石可合成1個高級魂石	4000000	5	2	1000	5		1	99999										
2832	中級魂石·秦始皇(陰)(唯一)	stone_qshyin_2		34	22096		Stone	3	22096	3個中級魂石可合成1個高級魂石	12000000	6	2	1000	6		1	99999										
2833	中級魂石·秦始皇(陽)(唯一)	stone_qshyang_2		34	22097		Stone	3	22097	3個中級魂石可合成1個高級魂石	12000000	6	2	1000	6		1	99999										
1838	中級魂石·張風	stone_zhangfeng_2		34	22068		Stone	3	22068	3個中級魂石可合成1個高級魂石	450000	3	2	1000	3		1	99999										
1839	中級魂石·月眉兒	stone_yuemeier_2		34	22069		Stone	3	22069	3個中級魂石可合成1個高級魂石	450000	3	2	1000	3		1	99999										
1840	中級魂石·天星道長	stone_tianxingdaozhang_2		34	22070		Stone	3	22070	3個中級魂石可合成1個高級魂石	1350000	4	2	1000	4		1	99999										
1841	中級魂石·燕若雪	stone_yanruoxue_2		34	22071		Stone	3	22071	3個中級魂石可合成1個高級魂石	1350000	4	2	1000	4		1	99999										
1842	中級魂石·楊熙烈	stone_yangxilie_2		34	22072		Stone	3	22072	3個中級魂石可合成1個高級魂石	1350000	4	2	1000	4		1	99999										
1843	中級魂石·上官飛龍(唯一)	stone_shangguanfeilong_2		34	22073		Stone	3	22073	3個中級魂石可合成1個高級魂石	1350000	4	2	1000	4		1	99999										
1844	中級魂石·納蘭潛凜(唯一)	stone_nalanqianlin_2		34	22074		Stone	3	22074	3個中級魂石可合成1個高級魂石	1350000	4	2	1000	4		1	99999										
1845	中級魂石·方勉	stone_fangmian_2		34	22075		Stone	3	22075	3個中級魂石可合成1個高級魂石	1350000	4	2	1000	4		1	99999										
1846	中級魂石·南宮滅	stone_nangongmie_2		34	22076		Stone	3	22076	3個中級魂石可合成1個高級魂石	1350000	4	2	1000	4		1	99999										
1848	中級魂石·唐影	stone_tangying_2		34	22077		Stone	3	22077	3個中級魂石可合成1個高級魂石	1350000	4	2	1000	4		1	99999										
1847	中級魂石·秋依水	stone_qiuyishui_2		34	22078		Stone	3	22078	3個中級魂石可合成1個高級魂石	1350000	4	2	1000	4		1	99999										
3218	中級魂石·李元霸(唯一)	stone_liyuanba_2		34	22103		Stone	3	22103	3個中級魂石可合成1個高級魂石	4000000	5	2	1000	5		1	99999										
3219	中級魂石·趙雲(唯一)	stone_zhaoyun_2		34	22104		Stone	3	22104	3個中級魂石可合成1個高級魂石	4000000	5	2	1000	5		1	99999										
3220	中級魂石·李廣(唯一)	stone_liguang_2		34	22105		Stone	3	22105	3個中級魂石可合成1個高級魂石	4000000	5	2	1000	5		1	99999										
3374	中級魂石·尹含煙(唯一)	stone_yinhanyan_2		34	22106		Stone	3	22106	3個中級魂石可合成1個高級魂石	4000000	5	2	1000	5		1	99999										
3375	中級魂石·璿璣子(唯一)	stone_xuanjizi_2		34	22107		Stone	3	22107	3個中級魂石可合成1個高級魂石	4000000	5	2	1000	5		1	99999										
3376	中級魂石·玄天道人(唯一)	stone_xuantiandaoren_2		34	22108		Stone	3	22108	3個中級魂石可合成1個高級魂石	4000000	5	2	1000	5		1	99999										
3710	中級魂石·年獸(唯一)	stone_nianshou_2		34	22109		Stone	3	22109	3個中級魂石可合成1個高級魂石	4000000	5	2	1000	5		1	99999										
3857	中級魂石·黑面郎君(唯一)	stone_heimianlangjun_2		34	22110		Stone	3	22110	3個中級魂石可合成1個高級魂石	4000000	5	2	1000	5		1	99999										
3858	中級魂石·何人我(唯一)	stone_herenwo_2		34	22111		Stone	3	22111	3個中級魂石可合成1個高級魂石	4000000	5	2	1000	5		1	99999										
3859	中級魂石·唐仇(唯一)	stone_tangchou_2		34	22112		Stone	3	22112	3個中級魂石可合成1個高級魂石	4000000	5	2	1000	5		1	99999										
3898	中級魂石·唐簡(唯一)	stone_tangjian_2		34	22113		Stone	3	22113	3個中級魂石可合成1個高級魂石	12000000	6	2	1000	6		1	99999										
4054	中級魂石·完顏洪烈(真)(唯一)	stone_wanyanhongliezhen_2		34	22114		Stone	3	22114	3個中級魂石可合成1個高級魂石	12000000	6	2	1000	6		1	99999										
4543	中級魂石·冰鱗蜥皇(唯一)	stone_xiwang_2		34	22115		Stone	3	22115	3個中級魂石可合成1個高級魂石	4000000	5	2	1000	5		1	99999										
4544	中級魂石·銀鉤蠍皇(唯一)	stone_xiewang_2		34	22116		Stone	3	22116	3個中級魂石可合成1個高級魂石	4000000	5	2	1000	5		1	99999										
4545	中級魂石·狂鬃獒皇(唯一)	stone_aowang_2		34	22117		Stone	3	22117	3個中級魂石可合成1個高級魂石	4000000	5	2	1000	5		1	99999										
4596	中級魂石·項羽(唯一)	stone_xiangyu_2		34	22118		Stone	3	22118	3個中級魂石可合成1個高級魂石	12000000	6	2	1000	6		1	99999										
4850	中級魂石·唐曉(唯一)	stone_tangxiao2_2		34	22119		Stone	3	22119	3個中級魂石可合成1個高級魂石	12000000	6	2	1000	6		1	99999										
4875	中級魂石·宋秋石(唯一)	stone_songqiushi_2		34	22120		Stone	3	22120	3個中級魂石可合成1個高級魂石	4000000	5	2	1000	5		1	99999										
4876	中級魂石·古嫣然(唯一)	stone_guyanran_2		34	22121		Stone	3	22121	3個中級魂石可合成1個高級魂石	4000000	5	2	1000	5		1	99999										
5434	中級魂石·尹筱雨(唯一)	stone_yinxiaoyu_2		34	22122		Stone	3	22122	3個中級魂石可合成1個高級魂石	4000000	5	2	1000	5		1	99999										
5435	中級魂石·石軒轅(唯一)	stone_shixuanyuan_2		34	22123		Stone	3	22123	3個中級魂石可合成1個高級魂石	4000000	5	2	1000	5		1	99999										
6071	中級魂石·葉青陽(唯一)	stone_yeqingyang_2		34	22124		Stone	3	22124	3個中級魂石可合成1個高級魂石	4000000	5	2	1000	5		1	99999										
6072	中級魂石·冰儀(唯一)	stone_bingyi_2		34	22125		Stone	3	22125	3個中級魂石可合成1個高級魂石	4000000	5	2	1000	5		1	99999										
6073	中級魂石·楊再興(唯一)	stone_yangzaixing_2		34	22126		Stone	3	22126	3個中級魂石可合成1個高級魂石	4000000	5	2	1000	5		1	99999										
6074	中級魂石·完顏婁室(唯一)	stone_wanyanloushi_2		34	22127		Stone	3	22127	3個中級魂石可合成1個高級魂石	4000000	5	2	1000	5		1	99999										
6102	中級魂石·蕭玉竹(唯一)	stone_xiaoyuzhu_2		34	22128		Stone	3	22128	3個中級魂石可合成1個高級魂石	4000000	5	2	1000	5		1	99999										
6103	中級魂石·金兀術(唯一)	stone_jinwuzhu_2		34	22129		Stone	3	22129	3個中級魂石可合成1個高級魂石	4000000	5	2	1000	5		1	99999										
6113	中級魂石·絕世虞姬(唯一)	stone_jueshiyuji_2		34	22130		Stone	3	22130	3個中級魂石可合成1個高級魂石	12000000	6	2	1000	6		1	99999										
6131	中級魂石·武則天(陰)(唯一)	stone_wuzetianyin_2		34	22131		Stone	3	22131	3個中級魂石可合成1個高級魂石	12000000	6	2	1000	6		1	99999										
6132	中級魂石·武則天(陽)(唯一)	stone_wuzetianyang_2		34	22132		Stone	3	22132	3個中級魂石可合成1個高級魂石	12000000	6	2	1000	6		1	99999										
6133	中級魂石·狄仁傑(唯一)	stone_direnjie_2		34	22133		Stone	3	22133	3個中級魂石可合成1個高級魂石	4000000	5	2	1000	5		1	99999										
6134	中級魂石·元芳(唯一)	stone_liyuanfang_2		34	22134		Stone	3	22134	3個中級魂石可合成1個高級魂石	4000000	5	2	1000	5		1	99999										
6135	中級魂石·無字碑(唯一)	stone_wuzibei_2		34	22135		Stone	3	22135	3個中級魂石可合成1個高級魂石	4000000	5	2	1000	5		1	99999										
1849	高級魂石·李三	stone_lisan_3		34	23001		Stone	3	23001	已合成到最高，無法再繼續合成	450000	3	2	1000	3		1	99999										
1850	高級魂石·盧青	stone_luqing_3		34	23002		Stone	3	23002	已合成到最高，無法再繼續合成	450000	3	2	1000	3		1	99999										
1851	高級魂石·鶯兒	stone_yinger_3		34	23003		Stone	3	23003	已合成到最高，無法再繼續合成	450000	3	2	1000	3		1	99999										
1852	高級魂石·顧武	stone_guwu_3		34	23004		Stone	3	23004	已合成到最高，無法再繼續合成	450000	3	2	1000	3		1	99999										
1853	高級魂石·殷方	stone_xiaowu_3		34	23005		Stone	3	23005	已合成到最高，無法再繼續合成	1350000	4	2	1000	4		1	99999										
1854	高級魂石·蘇墨芸	stone_sumoyun_3		34	23006		Stone	3	23006	已合成到最高，無法再繼續合成	450000	3	2	1000	3		1	99999										
1855	高級魂石·蕭動塵	stone_xiaodongcheng_3		34	23007		Stone	3	23007	已合成到最高，無法再繼續合成	450000	3	2	1000	3		1	99999										
1856	高級魂石·胡神醫	stone_hushenyi_3		34	23008		Stone	3	23008	已合成到最高，無法再繼續合成	450000	3	2	1000	3		1	99999										
1857	高級魂石·秦沐白	stone_qinmubai_3		34	23009		Stone	3	23009	已合成到最高，無法再繼續合成	450000	3	2	1000	3		1	99999										
1858	高級魂石·張仲天	stone_zhangzhongtian_3		34	23010		Stone	3	23010	已合成到最高，無法再繼續合成	450000	3	2	1000	3		1	99999										
1859	高級魂石·路達	stone_luda_3		34	23011		Stone	3	23011	已合成到最高，無法再繼續合成	450000	3	2	1000	3		1	99999										
1860	高級魂石·白眉猴王(唯一)	stone_houwang_3		34	23012		Stone	3	23012	已合成到最高，無法再繼續合成	1350000	4	2	1000	4		1	99999										
1861	高級魂石·大地狼王(唯一)	stone_langwang_3		34	23013		Stone	3	23013	已合成到最高，無法再繼續合成	1350000	4	2	1000	4		1	99999										
1862	高級魂石·寒玉鹿王(唯一)	stone_luwang_3		34	23014		Stone	3	23014	已合成到最高，無法再繼續合成	1350000	4	2	1000	4		1	99999										
1863	高級魂石·薔薇	stone_qiangwei_3		34	23015		Stone	3	23015	已合成到最高，無法再繼續合成	450000	3	2	1000	3		1	99999										
1864	高級魂石·紫軒	stone_zixuan_3		34	23016		Stone	3	23016	已合成到最高，無法再繼續合成	450000	3	2	1000	3		1	99999										
1865	高級魂石·卓非凡(唯一)	stone_zhuofeifan_3		34	23017		Stone	3	23017	已合成到最高，無法再繼續合成	1350000	4	2	1000	4		1	99999										
1866	高級魂石·月明瑤	stone_yumingyao_3		34	23018		Stone	3	23018	已合成到最高，無法再繼續合成	1350000	4	2	1000	4		1	99999										
1867	高級魂石·龍傲天	stone_longyaotian_3		34	23019		Stone	3	23019	已合成到最高，無法再繼續合成	1350000	4	2	1000	4		1	99999										
1868	高級魂石·沫天然	stone_motianran_3		34	23020		Stone	3	23020	已合成到最高，無法再繼續合成	1350000	4	2	1000	4		1	99999										
1869	高級魂石·少年楊影楓(唯一)	stone_syangyingfeng_3		34	23021		Stone	3	23021	已合成到最高，無法再繼續合成	4000000	5	2	1000	5		1	99999										
1870	高級魂石·南宮彩虹	stone_nangongcaihong_3		34	23022		Stone	3	23022	已合成到最高，無法再繼續合成	450000	3	2	1000	3		1	99999										
1871	高級魂石·林海	stone_linhai_3		34	23023		Stone	3	23023	已合成到最高，無法再繼續合成	450000	3	2	1000	3		1	99999										
1873	高級魂石·陸文龍	stone_luwenlong_3		34	23024		Stone	3	23024	已合成到最高，無法再繼續合成	450000	3	2	1000	3		1	99999										
1872	高級魂石·趙無雙	stone_zhaowushuang_3		34	23025		Stone	3	23025	已合成到最高，無法再繼續合成	450000	3	2	1000	3		1	99999										
1874	高級魂石·無相	stone_wuxiang_3		34	23026		Stone	3	23026	已合成到最高，無法再繼續合成	450000	3	2	1000	3		1	99999										
1875	高級魂石·唐瀟	stone_tangxiao_3		34	23027		Stone	3	23027	已合成到最高，無法再繼續合成	1350000	4	2	1000	4		1	99999										
1876	高級魂石·張如夢	stone_zhangrumeng_3		34	23028		Stone	3	23028	已合成到最高，無法再繼續合成	450000	3	2	1000	3		1	99999										
1877	高級魂石·張琳心	stone_zhanglinxin_3		34	23029		Stone	3	23029	已合成到最高，無法再繼續合成	1350000	4	2	1000	4		1	99999										
1878	高級魂石·封玉書	stone_fengyushu_3		34	23030		Stone	3	23030	已合成到最高，無法再繼續合成	1350000	4	2	1000	4		1	99999										
1879	高級魂石·趙節	stone_zhaojie_3		34	23031		Stone	3	23031	已合成到最高，無法再繼續合成	450000	3	2	1000	3		1	99999										
1880	高級魂石·邵騎風	stone_shaoqifeng_3		34	23032		Stone	3	23032	已合成到最高，無法再繼續合成	450000	3	2	1000	3		1	99999										
1881	高級魂石·何暮雪	stone_hemuxue_3		34	23033		Stone	3	23033	已合成到最高，無法再繼續合成	1350000	4	2	1000	4		1	99999										
1882	高級魂石·趙升權	stone_zhaoshengquan_3		34	23034		Stone	3	23034	已合成到最高，無法再繼續合成	1350000	4	2	1000	4		1	99999										
1883	高級魂石·納蘭真	stone_nalanzhen_3		34	23035		Stone	3	23035	已合成到最高，無法再繼續合成	1350000	4	2	1000	4		1	99999										
1884	高級魂石·柴嵩	stone_chaisong_3		34	23036		Stone	3	23036	已合成到最高，無法再繼續合成	1350000	4	2	1000	4		1	99999										
1885	高級魂石·曲霞	stone_quxia_3		34	23037		Stone	3	23037	已合成到最高，無法再繼續合成	4000000	5	2	1000	5		1	99999										
1886	高級魂石·耶律辟離(唯一)	stone_yelvpili_3		34	23038		Stone	3	23038	已合成到最高，無法再繼續合成	4000000	5	2	1000	5		1	99999										
1887	高級魂石·楊鐵心(唯一)	stone_yangtiexin_3		34	23039		Stone	3	23039	已合成到最高，無法再繼續合成	4000000	5	2	1000	5		1	99999										
1888	高級魂石·無想	stone_wuxiangg_3		34	23040		Stone	3	23040	已合成到最高，無法再繼續合成	4000000	5	2	1000	5		1	99999										
1889	高級魂石·柳瀟庭(唯一)	stone_liuxiaoting_3		34	23041		Stone	3	23041	已合成到最高，無法再繼續合成	4000000	5	2	1000	5		1	99999										
1890	高級魂石·李恬兒(唯一)	stone_litianer_3		34	23042		Stone	3	23042	已合成到最高，無法再繼續合成	4000000	5	2	1000	5		1	99999										
1891	高級魂石·李天目(唯一)	stone_litianmu_3		34	23043		Stone	3	23043	已合成到最高，無法再繼續合成	4000000	5	2	1000	5		1	99999										
1892	高級魂石·完顏襄(唯一)	stone_wanyanxiang_3		34	23044		Stone	3	23044	已合成到最高，無法再繼續合成	4000000	5	2	1000	5		1	99999										
2851	高級魂石·玄慈(唯一)	stone_xuanci_3		34	23098		Stone	3	23098	已合成到最高，無法再繼續合成	4000000	5	2	1000	5		1	99999										
1893	高級魂石·邵宏淵	stone_shaohongyuan_3		34	23045		Stone	3	23045	已合成到最高，無法再繼續合成	1350000	4	2	1000	4		1	99999										
1894	高級魂石·白彥敬	stone_baiyanjing_3		34	23046		Stone	3	23046	已合成到最高，無法再繼續合成	1350000	4	2	1000	4		1	99999										
1895	高級魂石·耶律楚材(唯一)	stone_yelvchucai_3		34	23047		Stone	3	23047	已合成到最高，無法再繼續合成	4000000	5	2	1000	5		1	99999										
1896	高級魂石·雷風	stone_leifeng_3		34	23048		Stone	3	23048	已合成到最高，無法再繼續合成	1350000	4	2	1000	4		1	99999										
1897	高級魂石·雷同	stone_leitong_3		34	23049		Stone	3	23049	已合成到最高，無法再繼續合成	1350000	4	2	1000	4		1	99999										
1898	高級魂石·唐娟娟	stone_tangjuanjuan_3		34	23050		Stone	3	23050	已合成到最高，無法再繼續合成	1350000	4	2	1000	4		1	99999										
1899	高級魂石·雷震天(唯一)	stone_leizhengtian_3		34	23051		Stone	3	23051	已合成到最高，無法再繼續合成	4000000	5	2	1000	5		1	99999										
1900	高級魂石·奪寶賊	stone_duobaozei_3		34	23052		Stone	3	23052	已合成到最高，無法再繼續合成	1350000	4	2	1000	4		1	99999										
1901	高級魂石·雙首異獸(唯一)	stone_yishou_3		34	23053		Stone	3	23053	已合成到最高，無法再繼續合成	1350000	4	2	1000	4		1	99999										
1902	高級魂石·奔焰豹王(唯一)	stone_baowang_3		34	23054		Stone	3	23054	已合成到最高，無法再繼續合成	1350000	4	2	1000	4		1	99999										
1903	高級魂石·九尾狐王(唯一)	stone_huwang_3		34	23055		Stone	3	23055	已合成到最高，無法再繼續合成	1350000	4	2	1000	4		1	99999										
2546	高級魂石·楊瑛(唯一)	stone_yangyin_3		34	23079		Stone	3	23079	已合成到最高，無法再繼續合成	12000000	6	2	1000	6		1	99999										
2547	高級魂石·清曉師太(唯一)	stone_qingxiao_3		34	23080		Stone	3	23080	已合成到最高，無法再繼續合成	12000000	6	2	1000	6		1	99999										
2548	高級魂石·祝子虛(唯一)	stone_zhuzixu_3		34	23081		Stone	3	23081	已合成到最高，無法再繼續合成	12000000	6	2	1000	6		1	99999										
2549	高級魂石·黃玉英(唯一)	stone_huangyuying_3		34	23082		Stone	3	23082	已合成到最高，無法再繼續合成	12000000	6	2	1000	6		1	99999										
2550	高級魂石·道一真人(唯一)	stone_daoyi_3		34	23083		Stone	3	23083	已合成到最高，無法再繼續合成	12000000	6	2	1000	6		1	99999										
2551	高級魂石·端木睿(唯一)	stone_duanmurui_3		34	23084		Stone	3	23084	已合成到最高，無法再繼續合成	12000000	6	2	1000	6		1	99999										
2852	高級魂石·玄因(唯一)	stone_xuanyin_3		34	23099		Stone	3	23099	已合成到最高，無法再繼續合成	12000000	6	2	1000	6		1	99999										
1904	高級魂石·高長恭	stone_gaochanggong_3		34	23056		Stone	3	23056	已合成到最高，無法再繼續合成	4000000	5	2	1000	5		1	99999										
1905	高級魂石·哲別(唯一)	stone_zhebie_3		34	23057		Stone	3	23057	已合成到最高，無法再繼續合成	4000000	5	2	1000	5		1	99999										
1906	高級魂石·秦良玉	stone_qinliangyu_3		34	23058		Stone	3	23058	已合成到最高，無法再繼續合成	4000000	5	2	1000	5		1	99999										
1907	高級魂石·袁承志	stone_yuanchengzhi_3		34	23059		Stone	3	23059	已合成到最高，無法再繼續合成	4000000	5	2	1000	5		1	99999										
1908	高級魂石·鰲拜	stone_aobai_3		34	23060		Stone	3	23060	已合成到最高，無法再繼續合成	4000000	5	2	1000	5		1	99999										
1909	高級魂石·韓世忠	stone_hanshizhong_3		34	23061		Stone	3	23061	已合成到最高，無法再繼續合成	4000000	5	2	1000	5		1	99999										
1910	高級魂石·赤睛虎皇(唯一)	stone_huhuang_3		34	23062		Stone	3	23062	已合成到最高，無法再繼續合成	12000000	6	2	1000	6		1	99999										
1911	高級魂石·撼天熊皇(唯一)	stone_xionghuang_3		34	23063		Stone	3	23063	已合成到最高，無法再繼續合成	12000000	6	2	1000	6		1	99999										
1912	高級魂石·紫背鱷皇(唯一)	stone_ehuang_3		34	23064		Stone	3	23064	已合成到最高，無法再繼續合成	12000000	6	2	1000	6		1	99999										
1913	高級魂石·定海金剛(唯一)	stone_jingang_3		34	23065		Stone	3	23065	已合成到最高，無法再繼續合成	12000000	6	2	1000	6		1	99999										
1914	高級魂石·金翅鵬皇(唯一)	stone_penghuang_3		34	23066		Stone	3	23066	已合成到最高，無法再繼續合成	12000000	6	2	1000	6		1	99999										
1915	高級魂石·銀角犀皇(唯一)	stone_xihuang_3		34	23067		Stone	3	23067	已合成到最高，無法再繼續合成	12000000	6	2	1000	6		1	99999										
2552	高級魂石·孟知秋(唯一)	stone_mengzhiqiu_3		34	23085		Stone	3	23085	已合成到最高，無法再繼續合成	12000000	6	2	1000	6		1	99999										
2553	高級魂石·李顯忠(唯一)	stone_lixianzhong_3		34	23086		Stone	3	23086	已合成到最高，無法再繼續合成	12000000	6	2	1000	6		1	99999										
2554	高級魂石·徒單克寧(唯一)	stone_tudankening_3		34	23087		Stone	3	23087	已合成到最高，無法再繼續合成	12000000	6	2	1000	6		1	99999										
2670	高級魂石·獨孤劍(唯一)	stone_dugujian_3		34	23088		Stone	3	23088	已合成到最高，無法再繼續合成	12000000	6	2	1000	6		1	99999										
2884	高級魂石·南宮飛雲(唯一)	stone_nangongfeiyun_3		34	23100		Stone	3	23100	已合成到最高，無法再繼續合成	12000000	6	2	1000	6		1	99999										
2885	高級魂石·楊影楓(唯一)	stone_yangyingfeng_3		34	23101		Stone	3	23101	已合成到最高，無法再繼續合成	12000000	6	2	1000	6		1	99999										
2678	高級魂石·荊軻(唯一)	stone_jingke_3		34	23089		Stone	3	23089	已合成到最高，無法再繼續合成	12000000	6	2	1000	6		1	99999										
2679	高級魂石·虞姬(唯一)	stone_yuji_3		34	23090		Stone	3	23090	已合成到最高，無法再繼續合成	12000000	6	2	1000	6		1	99999										
2680	高級魂石·岳飛(唯一)	stone_yuefei_3		34	23091		Stone	3	23091	已合成到最高，無法再繼續合成	12000000	6	2	1000	6		1	99999										
2698	高級魂石·完顏洪烈(唯一)	stone_wanyanhonglie_3		34	23092		Stone	3	23092	已合成到最高，無法再繼續合成	12000000	6	2	1000	6		1	99999										
2834	高級魂石·玄天武機(唯一)	stone_xuantianwuji_3		34	23093		Stone	3	23093	已合成到最高，無法再繼續合成	12000000	6	2	1000	6		1	99999										
2835	高級魂石·白起(唯一)	stone_baiqi_3		34	23094		Stone	3	23094	已合成到最高，無法再繼續合成	12000000	6	2	1000	6		1	99999										
2836	高級魂石·李斯(唯一)	stone_lisi_3		34	23095		Stone	3	23095	已合成到最高，無法再繼續合成	12000000	6	2	1000	6		1	99999										
3024	高級魂石·雷(唯一)	stone_lei_3		34	23102		Stone	3	23102	已合成到最高，無法再繼續合成	12000000	6	2	1000	6		1	99999										
2837	高級魂石·秦始皇(陰)(唯一)	stone_qshyin_3		34	23096		Stone	3	23096	已合成到最高，無法再繼續合成	36000000	7	2	1000	7		1	99999										
2838	高級魂石·秦始皇(陽)(唯一)	stone_qshyang_3		34	23097		Stone	3	23097	已合成到最高，無法再繼續合成	36000000	7	2	1000	7		1	99999										
1916	高級魂石·張風	stone_zhangfeng_3		34	23068		Stone	3	23068	已合成到最高，無法再繼續合成	1350000	4	2	1000	4		1	99999										
1917	高級魂石·月眉兒	stone_yuemeier_3		34	23069		Stone	3	23069	已合成到最高，無法再繼續合成	1350000	4	2	1000	4		1	99999										
1918	高級魂石·天星道長	stone_tianxingdaozhang_3		34	23070		Stone	3	23070	已合成到最高，無法再繼續合成	4000000	5	2	1000	5		1	99999										
1919	高級魂石·燕若雪	stone_yanruoxue_3		34	23071		Stone	3	23071	已合成到最高，無法再繼續合成	4000000	5	2	1000	5		1	99999										
1920	高級魂石·楊熙烈	stone_yangxilie_3		34	23072		Stone	3	23072	已合成到最高，無法再繼續合成	4000000	5	2	1000	5		1	99999										
1921	高級魂石·上官飛龍(唯一)	stone_shangguanfeilong_3		34	23073		Stone	3	23073	已合成到最高，無法再繼續合成	4000000	5	2	1000	5		1	99999										
1922	高級魂石·納蘭潛凜(唯一)	stone_nalanqianlin_3		34	23074		Stone	3	23074	已合成到最高，無法再繼續合成	4000000	5	2	1000	5		1	99999										
1923	高級魂石·方勉	stone_fangmian_3		34	23075		Stone	3	23075	已合成到最高，無法再繼續合成	4000000	5	2	1000	5		1	99999										
1924	高級魂石·南宮滅	stone_nangongmie_3		34	23076		Stone	3	23076	已合成到最高，無法再繼續合成	4000000	5	2	1000	5		1	99999										
1925	高級魂石·唐影	stone_tangying_3		34	23077		Stone	3	23077	已合成到最高，無法再繼續合成	4000000	5	2	1000	5		1	99999										
1926	高級魂石·秋依水	stone_qiuyishui_3		34	23078		Stone	3	23078	已合成到最高，無法再繼續合成	4000000	5	2	1000	5		1	99999										
3221	高級魂石·李元霸(唯一)	stone_liyuanba_3		34	23103		Stone	3	23103	已合成到最高，無法再繼續合成	12000000	6	2	1000	6		1	99999										
3222	高級魂石·趙雲(唯一)	stone_zhaoyun_3		34	23104		Stone	3	23104	已合成到最高，無法再繼續合成	12000000	6	2	1000	6		1	99999										
3223	高級魂石·李廣(唯一)	stone_liguang_3		34	23105		Stone	3	23105	已合成到最高，無法再繼續合成	12000000	6	2	1000	6		1	99999										
3377	高級魂石·尹含煙(唯一)	stone_yinhanyan_3		34	23106		Stone	3	23106	已合成到最高，無法再繼續合成	12000000	6	2	1000	6		1	99999										
3378	高級魂石·璿璣子(唯一)	stone_xuanjizi_3		34	23107		Stone	3	23107	已合成到最高，無法再繼續合成	12000000	6	2	1000	6		1	99999										
3379	高級魂石·玄天道人(唯一)	stone_xuantiandaoren_3		34	23108		Stone	3	23108	已合成到最高，無法再繼續合成	12000000	6	2	1000	6		1	99999										
3711	高級魂石·年獸(唯一)	stone_nianshou_3		34	23109		Stone	3	23109	已合成到最高，無法再繼續合成	12000000	6	2	1000	6		1	99999										
3860	高級魂石·黑面郎君(唯一)	stone_heimianlangjun_3		34	23110		Stone	3	23110	已合成到最高，無法再繼續合成	12000000	6	2	1000	6		1	99999										
3861	高級魂石·何人我(唯一)	stone_herenwo_3		34	23111		Stone	3	23111	已合成到最高，無法再繼續合成	12000000	6	2	1000	6		1	99999										
3862	高級魂石·唐仇(唯一)	stone_tangchou_3		34	23112		Stone	3	23112	已合成到最高，無法再繼續合成	12000000	6	2	1000	6		1	99999										
3899	高級魂石·唐簡(唯一)	stone_tangjian_3		34	23113		Stone	3	23113	已合成到最高，無法再繼續合成	36000000	7	2	1000	7		1	99999										
4055	高級魂石·完顏洪烈(真)(唯一)	stone_wanyanhongliezhen_3		34	23114		Stone	3	23114	已合成到最高，無法再繼續合成	36000000	7	2	1000	7		1	99999										
4546	高級魂石·冰鱗蜥皇(唯一)	stone_xiwang_3		34	23115		Stone	3	23115	已合成到最高，無法再繼續合成	12000000	6	2	1000	6		1	99999										
4547	高級魂石·銀鉤蠍皇(唯一)	stone_xiewang_3		34	23116		Stone	3	23116	已合成到最高，無法再繼續合成	12000000	6	2	1000	6		1	99999										
4548	高級魂石·狂鬃獒皇(唯一)	stone_aowang_3		34	23117		Stone	3	23117	已合成到最高，無法再繼續合成	12000000	6	2	1000	6		1	99999										
4597	高級魂石·項羽(唯一)	stone_xiangyu_3		34	23118		Stone	3	23118	已合成到最高，無法再繼續合成	36000000	7	2	1000	7		1	99999										
4851	高級魂石·唐曉(唯一)	stone_tangxiao2_3		34	23119		Stone	3	23119	已合成到最高，無法再繼續合成	36000000	7	2	1000	7		1	99999										
4877	高級魂石·宋秋石(唯一)	stone_songqiushi_3		34	23120		Stone	3	23120	已合成到最高，無法再繼續合成	12000000	6	2	1000	6		1	99999										
4878	高級魂石·古嫣然(唯一)	stone_guyanran_3		34	23121		Stone	3	23121	已合成到最高，無法再繼續合成	12000000	6	2	1000	6		1	99999										
5436	高級魂石·尹筱雨(唯一)	stone_yinxiaoyu_3		34	23122		Stone	3	23122	已合成到最高，無法再繼續合成	12000000	6	2	1000	6		1	99999										
5437	高級魂石·石軒轅(唯一)	stone_shixuanyuan_3		34	23123		Stone	3	23123	已合成到最高，無法再繼續合成	12000000	6	2	1000	6		1	99999										
6075	高級魂石·葉青陽(唯一)	stone_yeqingyang_3		34	23124		Stone	3	23124	已合成到最高，無法再繼續合成	12000000	6	2	1000	6		1	99999										
6076	高級魂石·冰儀(唯一)	stone_bingyi_3		34	23125		Stone	3	23125	已合成到最高，無法再繼續合成	12000000	6	2	1000	6		1	99999										
6077	高級魂石·楊再興(唯一)	stone_yangzaixing_3		34	23126		Stone	3	23126	已合成到最高，無法再繼續合成	12000000	6	2	1000	6		1	99999										
6078	高級魂石·完顏婁室(唯一)	stone_wanyanloushi_3		34	23127		Stone	3	23127	已合成到最高，無法再繼續合成	12000000	6	2	1000	6		1	99999										
6104	高級魂石·蕭玉竹(唯一)	stone_xiaoyuzhu_3		34	23128		Stone	3	23128	已合成到最高，無法再繼續合成	12000000	6	2	1000	6		1	99999										
6105	高級魂石·金兀術(唯一)	stone_jinwuzhu_3		34	23129		Stone	3	23129	已合成到最高，無法再繼續合成	12000000	6	2	1000	6		1	99999										
6114	高級魂石·絕世虞姬(唯一)	stone_jueshiyuji_3		34	23130		Stone	3	23130	已合成到最高，無法再繼續合成	36000000	7	2	1000	7		1	99999										
6136	高級魂石·武則天(陰)(唯一)	stone_wuzetianyin_3		34	23131		Stone	3	23131	已合成到最高，無法再繼續合成	36000000	7	2	1000	7		1	99999										
6137	高級魂石·武則天(陽)(唯一)	stone_wuzetianyang_3		34	23132		Stone	3	23132	已合成到最高，無法再繼續合成	36000000	7	2	1000	7		1	99999										
6138	高級魂石·狄仁傑(唯一)	stone_direnjie_3		34	23133		Stone	3	23133	已合成到最高，無法再繼續合成	12000000	6	2	1000	6		1	99999										
6139	高級魂石·元芳(唯一)	stone_liyuanfang_3		34	23134		Stone	3	23134	已合成到最高，無法再繼續合成	12000000	6	2	1000	6		1	99999										
6140	高級魂石·無字碑(唯一)	stone_wuzibei_3		34	23135		Stone	3	23135	已合成到最高，無法再繼續合成	12000000	6	2	1000	6		1	99999										
