TypeId	Level	Rate	Cost1	Cost2	Cost3
1	1	1000000	ZhenQi|500	Coin|1000	
1	2	900000	ZhenQi|500	Coin|1000	
1	3	900000	ZhenQi|500	Coin|1000	
1	4	800000	ZhenQi|500	Coin|1000	
1	5	800000	ZhenQi|1000	Coin|2000	
1	6	700000	ZhenQi|1000	Coin|2000	
1	7	700000	ZhenQi|1000	Coin|2000	
1	8	600000	ZhenQi|1000	Coin|2000	
1	9	600000	ZhenQi|1000	Coin|2000	
1	10	500000	ZhenQi|1500	Coin|3000	
1	11	500000	ZhenQi|1500	Coin|3000	
1	12	400000	ZhenQi|1500	Coin|3000	
1	13	400000	ZhenQi|1500	Coin|3000	
1	14	300000	ZhenQi|1500	Coin|3000	
1	15	300000	ZhenQi|1500	Coin|3000	
1	16	200000	ZhenQi|1500	Coin|3000	
1	17	200000	ZhenQi|1500	Coin|3000	
1	18	200000	ZhenQi|1500	Coin|3000	
1	19	200000	ZhenQi|1500	Coin|3000	
2	1	950000	ZhenQi|500	Coin|2000	
2	2	900000	ZhenQi|500	Coin|2000	
2	3	850000	ZhenQi|500	Coin|2000	
2	4	800000	ZhenQi|500	Coin|2000	
2	5	750000	ZhenQi|1000	Coin|2000	
2	6	700000	ZhenQi|1000	Coin|2000	
2	7	650000	ZhenQi|1000	Coin|2000	
2	8	600000	ZhenQi|1000	Coin|2000	
2	9	550000	ZhenQi|1000	Coin|2000	
2	10	500000	ZhenQi|1500	Coin|3000	
2	11	450000	ZhenQi|1500	Coin|3000	
2	12	400000	ZhenQi|1500	Coin|3000	
2	13	350000	ZhenQi|1500	Coin|3000	
2	14	300000	ZhenQi|1500	Coin|3000	
2	15	250000	ZhenQi|1500	Coin|3000	
2	16	200000	ZhenQi|1500	Coin|3000	
2	17	150000	ZhenQi|1500	Coin|3000	
2	18	150000	ZhenQi|1500	Coin|3000	
2	19	150000	ZhenQi|1500	Coin|3000	
3	1	950000	ZhenQi|1000	Coin|2000	
3	2	900000	ZhenQi|1000	Coin|2000	
3	3	850000	ZhenQi|1000	Coin|2000	
3	4	800000	ZhenQi|1000	Coin|2000	
3	5	750000	ZhenQi|1500	Coin|2000	
3	6	700000	ZhenQi|1500	Coin|2000	
3	7	650000	ZhenQi|1500	Coin|2000	
3	8	600000	ZhenQi|1500	Coin|2000	
3	9	550000	ZhenQi|1500	Coin|2000	
3	10	500000	ZhenQi|2000	Coin|3000	
3	11	450000	ZhenQi|2000	Coin|3000	
3	12	400000	ZhenQi|2000	Coin|3000	
3	13	350000	ZhenQi|2000	Coin|3000	
3	14	300000	ZhenQi|2000	Coin|3000	
3	15	250000	ZhenQi|2000	Coin|3000	
3	16	200000	ZhenQi|2000	Coin|3000	
3	17	150000	ZhenQi|2000	Coin|3000	
3	18	100000	ZhenQi|2000	Coin|3000	
3	19	100000	ZhenQi|2000	Coin|3000	
4	1	950000	ZhenQi|1000	Coin|2000	item|6149|1
4	2	900000	ZhenQi|1000	Coin|2000	item|6149|1
4	3	850000	ZhenQi|1000	Coin|2000	item|6149|1
4	4	800000	ZhenQi|1000	Coin|2000	item|6149|1
4	5	750000	ZhenQi|1500	Coin|2000	item|6149|1
4	6	700000	ZhenQi|1500	Coin|2000	item|6149|1
4	7	650000	ZhenQi|1500	Coin|2000	item|6149|1
4	8	600000	ZhenQi|1500	Coin|2000	item|6149|1
4	9	550000	ZhenQi|1500	Coin|2000	item|6149|1
4	10	500000	ZhenQi|2000	Coin|3000	item|6149|1
4	11	450000	ZhenQi|2000	Coin|3000	item|6149|1
4	12	400000	ZhenQi|2000	Coin|3000	item|6149|1
4	13	350000	ZhenQi|2000	Coin|3000	item|6149|1
4	14	300000	ZhenQi|2000	Coin|3000	item|6149|1
4	15	250000	ZhenQi|2000	Coin|3000	item|6149|1
4	16	200000	ZhenQi|2000	Coin|3000	item|6149|1
4	17	150000	ZhenQi|2000	Coin|3000	item|6149|1
4	18	100000	ZhenQi|2000	Coin|3000	item|6149|1
4	19	100000	ZhenQi|2000	Coin|3000	item|6149|1
5	1	700000	ZhenQi|2000	Coin|4000	
5	2	700000	ZhenQi|2000	Coin|4000	
5	3	700000	ZhenQi|2000	Coin|4000	
5	4	700000	ZhenQi|2000	Coin|4000	
5	5	650000	ZhenQi|2000	Coin|4000	
5	6	650000	ZhenQi|2000	Coin|4000	
5	7	650000	ZhenQi|2000	Coin|4000	
5	8	650000	ZhenQi|2000	Coin|4000	
5	9	650000	ZhenQi|2000	Coin|4000	
5	10	600000	ZhenQi|2000	Coin|4000	
5	11	600000	ZhenQi|2000	Coin|4000	
5	12	600000	ZhenQi|2000	Coin|4000	
5	13	600000	ZhenQi|2000	Coin|4000	
5	14	600000	ZhenQi|2000	Coin|4000	
5	15	400000	ZhenQi|2000	Coin|4000	
5	16	400000	ZhenQi|2000	Coin|4000	
5	17	400000	ZhenQi|2000	Coin|4000	
5	18	400000	ZhenQi|2000	Coin|4000	
5	19	200000	ZhenQi|2000	Coin|4000	
6	1	650000	ZhenQi|3000	Coin|6000	
6	2	650000	ZhenQi|3000	Coin|6000	
6	3	650000	ZhenQi|3000	Coin|6000	
6	4	650000	ZhenQi|3000	Coin|6000	
6	5	600000	ZhenQi|3000	Coin|6000	
6	6	600000	ZhenQi|3000	Coin|6000	
6	7	600000	ZhenQi|3000	Coin|6000	
6	8	600000	ZhenQi|3000	Coin|6000	
6	9	600000	ZhenQi|3000	Coin|6000	
6	10	550000	ZhenQi|3000	Coin|6000	
6	11	550000	ZhenQi|3000	Coin|6000	
6	12	550000	ZhenQi|3000	Coin|6000	
6	13	550000	ZhenQi|3000	Coin|6000	
6	14	550000	ZhenQi|3000	Coin|6000	
6	15	350000	ZhenQi|3000	Coin|6000	
6	16	350000	ZhenQi|3000	Coin|6000	
6	17	350000	ZhenQi|3000	Coin|6000	
6	18	350000	ZhenQi|3000	Coin|6000	
6	19	200000	ZhenQi|3000	Coin|6000	
7	1	600000	ZhenQi|4000	Coin|8000	
7	2	600000	ZhenQi|4000	Coin|8000	
7	3	600000	ZhenQi|4000	Coin|8000	
7	4	600000	ZhenQi|4000	Coin|8000	
7	5	550000	ZhenQi|4000	Coin|8000	
7	6	550000	ZhenQi|4000	Coin|8000	
7	7	550000	ZhenQi|4000	Coin|8000	
7	8	550000	ZhenQi|4000	Coin|8000	
7	9	550000	ZhenQi|4000	Coin|8000	
7	10	400000	ZhenQi|4000	Coin|8000	
7	11	400000	ZhenQi|4000	Coin|8000	
7	12	400000	ZhenQi|4000	Coin|8000	
7	13	400000	ZhenQi|4000	Coin|8000	
7	14	400000	ZhenQi|4000	Coin|8000	
7	15	350000	ZhenQi|4000	Coin|8000	
7	16	300000	ZhenQi|4000	Coin|8000	
7	17	200000	ZhenQi|4000	Coin|8000	
7	18	150000	ZhenQi|4000	Coin|8000	
7	19	100000	ZhenQi|4000	Coin|8000	
8	1	500000	ZhenQi|5200	Coin|10400	item|6150|1
8	2	500000	ZhenQi|5400	Coin|10800	item|6150|1
8	3	500000	ZhenQi|5600	Coin|11200	item|6150|1
8	4	500000	ZhenQi|5800	Coin|11600	item|6150|1
8	5	450000	ZhenQi|6000	Coin|12000	item|6150|1
8	6	450000	ZhenQi|6200	Coin|12400	item|6150|1
8	7	450000	ZhenQi|6400	Coin|12800	item|6150|1
8	8	450000	ZhenQi|6600	Coin|13200	item|6150|1
8	9	450000	ZhenQi|6800	Coin|13600	item|6150|1
8	10	400000	ZhenQi|7000	Coin|14000	item|6150|1
8	11	400000	ZhenQi|7200	Coin|14400	item|6150|1
8	12	400000	ZhenQi|7400	Coin|14800	item|6150|1
8	13	400000	ZhenQi|7600	Coin|15200	item|6150|1
8	14	400000	ZhenQi|7800	Coin|15600	item|6150|1
8	15	350000	ZhenQi|8000	Coin|16000	item|6150|1
8	16	300000	ZhenQi|8200	Coin|16400	item|6150|1
8	17	200000	ZhenQi|8400	Coin|16800	item|6150|1
8	18	150000	ZhenQi|8600	Coin|17200	item|6150|1
8	19	100000	ZhenQi|8800	Coin|17600	item|6150|1
