nEventId	nTypeId	szTyepName	nTarget	nBaseGold	szAddGoldList	nCount	nAverageMin
1	1	儲值次數	1	100	500_200_100	15	5
2	2	【劍俠V】等級	6	500	2500_1000_500	30	5
3	2	【劍俠V】等級	9	1500	7500_3000_1500	50	15
4	2	【劍俠V】等級	12	5000	25000_10000_5000	100	50
5	2	【劍俠V】等級	15	15000	75000_30000_15000	100	150
61	2	【劍俠V】等級	18	30000	150000_60000_30000	100	300
6	3	武神殿排名	100	100	500_200_100	10	5
7	3	武神殿排名	10	300	1500_600_300	30	5
8	3	武神殿排名	1	1000	5000_2000_1000	50	10
9	4	全身強化	20	100	500_200_100	15	5
10	4	全身強化	40	200	1000_400_200	20	5
11	4	全身強化	50	400	2000_800_400	30	5
12	4	全身強化	60	600	3000_1200_600	40	6
13	4	全身強化	70	1500	7500_3000_1500	50	15
14	4	全身強化	80	2000	10000_4000_2000	50	20
15	4	全身強化	90	5000	25000_10000_5000	100	50
16	4	全身強化	100	15000	75000_30000_15000	100	150
17	5	全身鑲滿	1	100	500_200_100	15	5
18	5	全身鑲滿	2	200	1000_400_200	20	5
19	5	全身鑲滿	3	400	2000_800_400	30	5
20	5	全身鑲滿	4	600	3000_1200_600	40	6
21	5	全身鑲滿	5	1500	7500_3000_1500	50	15
22	5	全身鑲滿	6	5000	25000_10000_5000	100	50
23	5	全身鑲滿	7	15000	75000_30000_15000	100	150
24	6	頭銜	4	100	500_200_100	15	5
25	6	頭銜	5	200	1000_400_200	20	5
26	6	頭銜	6	400	2000_800_400	30	5
27	6	頭銜	7	600	3000_1200_600	40	6
28	6	頭銜	8	1200	6000_2400_1200	50	12
29	6	頭銜	9	2000	10000_4000_2000	60	20
30	6	頭銜	10	4000	20000_8000_4000	80	40
31	6	頭銜	11	6000	30000_12000_6000	100	60
32	6	頭銜	12	15000	75000_30000_15000	100	150
33	6	頭銜	13	30000	150000_60000_30000	100	300
34	7	門派新人王		500	2500_1000_500	50	5
35	8	門派大師兄		2000	10000_4000_2000	100	20
36	9	白虎堂x層首領	4	200	1000_400_200	20	5
62	9	白虎堂x層首領	5	300	1500_600_300	20	5
37	10	戰場排名	1	200	1000_400_200	20	5
63	34	跨服戰場排名	1	300	1500_600_300	20	5
38	11	盟主排名	1	300	1500_600_300	20	5
39	12	通天塔層數	7	300	1500_600_300	20	5
64	12	通天塔層數	8	500	2500_1000_500	30	5
40	13	第一幫派堂主		10000	50000_30000_15000	100	100
41	14	十大幫派堂主		5000	25000_10000_5000	100	50
42	15	卓越幫派堂主		3000	15000_6000_3000	100	30
43	16	第一幫派總堂主		10000	50000_30000_15000	100	100
44	17	十大幫派總堂主		5000	25000_10000_5000	100	50
45	18	卓越幫派總堂主		3000	15000_6000_3000	100	30
46	19	金牌堂主		2000	10000_4000_2000	50	20
47	20	卓越堂主		1000	5000_2000_1000	40	10
48	21	優秀堂主		500	2500_1000_500	30	5
49	22	合格堂主		200	1000_400_200	20	5
50	23	金牌副堂主		1000	5000_2000_1000	50	10
51	24	卓越副堂主		500	2500_1000_500	40	5
52	25	優秀副堂主		200	1000_400_200	20	5
53	26	合格副堂主		100	500_200_100	15	5
54	27	金牌會長		500	2500_1000_500	50	5
55	28	卓越會長		200	1000_400_200	40	5
56	29	優秀會長		100	500_200_100	20	5
57	30	購買7日禮包		100	500_200_100	15	5
58	31	購買30日禮包		200	1000_400_200	30	5
59	32	購買一本萬利		400	2000_800_400	30	5
60	33	購買一本萬利·貳		400	2000_800_400	30	5
65	35	購買一本萬利·三		400	2000_800_400	30	5
66	36	心魔幻境優勝		600	3000_1200_600	40	6
67	37	百人戰場排名	1	600	3000_1200_600	30	6
68	38	購買一本萬利（新年）		400	2000_800_400	30	5
69	39	購買鷄年大吉禮包		1000	5000_2000_1000	50	10
70	40	購買恭喜發財禮包		600	3000_1200_600	40	6
71	41	購買新春快樂禮包		400	2000_800_400	30	5
72	42	購買普天同慶禮包		150	750_300_150	20	5
73	43	購買一本萬利·肆		400	2000_800_400	30	5
74	44	購買一本萬利·伍		400	2000_800_400	30	5
75	45	月度戰場第一	1	2000	10000_4000_2000	100	20
76	46	群英會全勝	6	600	3000_1200_600	40	6
77	47	劍俠情緣周年慶		500	2500_1000_500	30	5
78	47	劍俠情緣周年慶		1000	5000_2000_1000	50	10
79	48	購買周年慶緣起禮包		1000	5000_2000_1000	50	10
80	49	購買周年慶情韻禮包		600	3000_1200_600	40	6
81	50	購買周年慶俠蹤禮包		400	2000_800_400	30	5
82	51	購買周年慶劍影禮包		150	750_300_150	20	5
83	52	美女評選中獲得海選賽第一		15000	75000_30000_15000	100	150
84	53	美女評選中獲得海選賽前十		4000	20000_8000_4000	80	40
85	54	美女評選中海選賽獲投199票	199	400	2000_800_400	30	5
86	55	美女評選中獲得決賽第一		100000	500000_200000_100000	100	1000
87	56	美女評選海選賽第一（全服紅包）		15000	75000_30000_15000	500	30
88	57	美女評選決賽前十（全服紅包）		100000	500000_200000_100000	1000	100
89	58	美女評選決賽第一（全服紅包）		200000	1000000_400000_200000	1000	200
90	59	美女評選中獲得決賽前十		50000	250000_100000_50000	100	500
91	60	登上月度通天塔八層	8	2000	10000_4000_2000	100	20
92	61	購買每日禮包7日套包		300	1500_600_300	30	5
93	62	美女評選決賽獲投8000	8000	15000	75000_30000_15000	100	150
94	63	美女評選決賽獲投8000（全服紅包）	8000	20000	100000_40000_20000	500	40
96	65	武林大會冠軍		10000	50000_20000_10000	100	100
97	66	武林大會四強		5000	25000_10000_5000	100	50
98	67	武林大會十六強		3000	15000_6000_3000	80	30
99	68	武林大會組長		500	2500_1000_500	30	5
100	69	武林大會冠軍（全服紅包）		50000	250000_100000_50000	500	100
101	70	武林大會四強（全服紅包）		10000	50000_20000_10000	200	50
102	71	購買聖誕狂歡禮包		1000	5000_2000_1000	50	20
103	72	購買聖誕盛典禮包		600	3000_1200_600	40	15
104	73	購買聖誕祝福禮包		400	2000_800_400	30	13
105	74	購買聖誕平安禮包		150	750_300_150	20	7
106	75	行腳商拍賣競價超1千元寶		1000	5000_2000_1000	100	10
107	76	行腳商拍賣競價超2千元寶		2000	10000_4000_2000	100	20
108	77	行腳商拍賣競價超5千元寶		5000	25000_10000_5000	150	33
109	78	行腳商拍賣競價超1萬元寶		10000	50000_20000_10000	200	50
110	79	行腳商拍賣競價超2萬元寶		20000	100000_40000_20000	300	66
111	80	行腳商拍賣競價超5萬元寶		50000	250000_100000_50000	600	83
112	81	行腳商拍賣競價超10萬元寶		100000	500000_200000_100000	1000	100
113	82	行腳商拍賣競價超12萬元寶		120000	600000_240000_120000	1000	120
114	83	行腳商拍賣競價超15萬元寶		150000	750000_300000_150000	1000	150
115	84	行腳商拍賣競價超18萬元寶		180000	900000_360000_180000	1000	180
116	85	行腳商拍賣競價超20萬元寶		200000	1000000_400000_200000	1000	200
121	90	舉辦莊園·晚櫻連理婚禮	5	1000	5000_2000_1000	50	10
122	90	舉辦莊園·晚櫻連理婚禮	6	1000	5000_2000_1000	50	10
123	90	舉辦莊園·晚櫻連理婚禮	7	2000	10000_4000_2000	50	40
124	90	舉辦莊園·晚櫻連理婚禮	8	2000	10000_4000_2000	50	40
125	90	舉辦莊園·晚櫻連理婚禮	9	3500	17500_7000_3500	50	70
126	90	舉辦莊園·晚櫻連理婚禮	10	3500	17500_7000_3500	50	70
127	90	舉辦莊園·晚櫻連理婚禮	11	3500	17500_7000_3500	50	70
128	90	舉辦莊園·晚櫻連理婚禮	12	3500	17500_7000_3500	50	70
129	90	舉辦莊園·晚櫻連理婚禮	13	3500	17500_7000_3500	50	70
130	90	舉辦莊園·晚櫻連理婚禮	14	3500	17500_7000_3500	50	70
131	90	舉辦莊園·晚櫻連理婚禮	15	3500	17500_7000_3500	50	70
132	90	舉辦莊園·晚櫻連理婚禮	16	3500	17500_7000_3500	50	70
133	90	舉辦莊園·晚櫻連理婚禮	17	3500	17500_7000_3500	50	70
134	90	舉辦莊園·晚櫻連理婚禮	18	3500	17500_7000_3500	50	70
135	91	舉辦海島·紅鸞攬月婚禮	9	3000	15000_6000_3000	50	60
136	91	舉辦海島·紅鸞攬月婚禮	10	6000	30000_12000_6000	100	60
137	91	舉辦海島·紅鸞攬月婚禮	11	6000	30000_12000_6000	100	60
138	91	舉辦海島·紅鸞攬月婚禮	12	10000	50000_20000_10000	100	100
139	91	舉辦海島·紅鸞攬月婚禮	13	10000	50000_20000_10000	100	100
140	91	舉辦海島·紅鸞攬月婚禮	14	10000	50000_20000_10000	100	100
141	91	舉辦海島·紅鸞攬月婚禮	15	10000	50000_20000_10000	100	100
142	91	舉辦海島·紅鸞攬月婚禮	16	10000	50000_20000_10000	100	100
143	91	舉辦海島·紅鸞攬月婚禮	17	10000	50000_20000_10000	100	100
144	91	舉辦海島·紅鸞攬月婚禮	18	10000	50000_20000_10000	100	100
145	92	舉辦舫舟·乘龍配鳳婚禮	12	10000	50000_20000_10000	100	100
146	92	舉辦舫舟·乘龍配鳳婚禮	13	20000	100000_40000_20000	100	200
147	92	舉辦舫舟·乘龍配鳳婚禮	14	20000	100000_40000_20000	100	200
148	92	舉辦舫舟·乘龍配鳳婚禮	15	20000	100000_40000_20000	100	200
149	92	舉辦舫舟·乘龍配鳳婚禮	16	30000	150000_60000_30000	100	300
150	92	舉辦舫舟·乘龍配鳳婚禮	17	30000	150000_60000_30000	100	300
151	92	舉辦舫舟·乘龍配鳳婚禮	18	30000	150000_60000_30000	100	300
