KEY_GROUP	KEY_ID_BEGIN	KEY_ID_END	TYPE	PLAYER_SAVE_TABLE	SYNC	DESC
1~255	1~255	1~255	0:int,1buf		同步到用戶端	
1	1	3	0		1	玩家體力值
2	1	50	0		1	貨幣
3	1	50	0		1	貨幣償還記錄
3	51	60	0		1	貨幣償還額外資訊
5	1	15	0		1	復仇,抓捕,送體力
6	1	10	0		1	各裝備部位強化等級
6	11	20	0		1	各裝備部位突破次數
6	21	30	0		1	各裝備部位強化失敗次數
6	31	41	0		1	31-40各部位每天強化次數，41最後強化天數
7	1	30	0		1	排行榜
8	1	2	0			BOOS首領獎勵
9	1	2	0		1	隨機副本次數
10	1	6	0		1	搶碎片免戰時間，次數
11	1	7	0		1	戰場次數,競技資格
12	1	6	0		1	地宮次數,探索次數
12	7	11	0		0	上次探索出地宮天數，對應今天探索次數
13	1	8	0		1	組隊副本次數
14	1	6	0		1	搖錢樹免費次數與額外次數
14	7	8	0		1	周卡月卡活動
14	9	10	0		1	祈福，現在是少2個給周卡活動了
15	1	255	0		1	快速購買
16	1	2			1	懲惡次數
17	1	4				懲惡殺死的次數
18	1	20			1	教育引導
19	1	4	0		1	登入獎勵數據
20	1	72	0		1	儲值
21	1	44	0		1	彩聊次數1，及聊天相關，頭框，背景分別為2,3, 跨服主播許可權為4， 5~44為關注主播
22	1	4	0		1	簽到獎勵
23	1	10	0		1	傳功
24	1	10			1	群英會
25	1	4	0		1	免費體力領取
26	1	2	0		1	改名
27	1	1			1	頭銜任務
28	1	21	0		1	答題活動資料
29	1	255	0		1	成就資訊
30	1	255	0		1	成就計數
31	1	2	0		1	奇遇秘境次數
32	1	2	0		1	幫派捐獻次數
32	3	3	0		1	加入幫派CD冷卻時間戳記
33	1	2	0		1	商會任務次數
34	1	255	0		0	特權碼禮包領取標識
35	1	2			0	幫派巢穴獎勵
36	1	2	0		0	幫派盜賊獎勵
37	1	1	0		1	惡名值
38	1	2	0		1	1江湖試煉接受任務標誌
39	1	255	0		1	玩家頭像
40	1	2	0		1	幫派任務
41	1	100	0		1	各裝備部位鑲嵌資訊
42	1	255	0		1	用於開服第一天gateway不穩定的補償標誌
43	1	9	0		1	英雄挑戰
44	1	12			1	英雄挑戰顯示頭像
45	1	14	0		1	通天塔
46	1	2	0		1	白虎堂
47	1	2	0		1	武器開光
48	1	3	0		1	幫派運鏢個人標示
49	1	4	0		1	修煉
49	10	15	0		1	秦始皇陵掛機時間
50	1	6	0		1	公聊次數，主播頻道聊天次數
51	1	2	0		1	同伴組合啟動屬性
52	1	255	0		1	成就計數擴展
53	1	1	0		1	消耗的技能點
54	1	10	0		1	技能點書
55	1	1	0		1	同伴副本
56	1	50	0		1	補領獎勵
57	1	12	0		1	卡片收集活動收集冊資料
58	1	10	0		1	夏日好禮迎新服
59	1	10	0		1	七夕
60	1	2	0		1	開放等級上限慶典活動
61	1	100	0		1	回歸特權
61	101	255	0		1	玩家召回
62	1	10	0		1	中秋節活動
63	1	10	0		1	增加玩家潛能道具
64	1	10	0		1	buff道具使用數量
65	1	25	0		1	雙十錦繡山河活動卡片收集相關
65	50	52	0		1	雙十錦繡山河活動鑒定相關
66	1	50	0		1	週末答題活動
66	51	51	0		1	每日活躍附加活躍
66	56	60	0		1	直升數據
67	1	20	0		1	許願活動
68	1	10	0		1	登錄領獎活動
68	11	20	0		1	情人節活動
68	21	40	0		1	婦女節活動
68	41	80	0		1	武林第一美女
69	1	50	0		1	植樹節 節流
70	1	255	0		1	成就計數6到10級
71	1	255	0		1	成就計數擴展6到10級
72	1	255	0		1	榮譽成就
73	1	10	0		1	代言人任務副本
74	1	50	0		1	植樹節 節流 單植物模式
78	1	2	0		1	抽卡打折活動
79	1	10	0		1	提示引導
80	1	255	0		1	每天登入信件獎勵，掃蕩，月卡
81	1	2	0		1	盜寶賊發獎勵的最大數量
82	1	255	0		0	問卷調查完成狀態
83	1	2	0		1	增加傳功次數道具的使用個數
84	1	5	0		1	離線掛機相關
85	1	4	0		1	玩家禮包數據
86	1	25	0		1	所有sdK接入相關, 目前用到24
87	1	26	0		0	抽卡緩存
88	1	3	0		1	抽卡同步到用戶端的資訊
89	1	255	0		0	幫派紅包發放時間
90	1	2	0		0	隨機BOSS觸摸獎勵
91	1	2	0		0	武神殿歷史最高記錄
92	1	3	0		1	修煉丹的次數
93	1	80	0		0	兵甲方打造潛規則，稀有
94	1	80	0		0	兵甲方打造潛規則，傳承
95	1	1	0	0	1	秘笈
96	1	2	0		1	大師兄投票次數和投票當屆的開始時間
97	1	2	0		1	個人搶紅包次數每日上限
98	1	2	0		1	託管重置掛機時間相關的時間
99	1	2	0		1	線上託管開始時間
100	1	2	0		0	武林盟主服務端分數記錄
101	1	255	0		1	記錄同伴擁有資料
102	1	2	0		0	Vip禮包兌換補償
103	1	3	0		0	華山論劍
104	1	4	0		0	轉門派
105	1	3	0		1	華山論劍競猜
106	1	255	0		0	師徒目標進度
107	1	10	0		0	師徒稱號
108	1	1	1		0	Efun綁定的facebookId
109	1	255	0		1	名望商店
110	1	1	0		0	華山論劍榮譽
111	1	1	0		1	同伴戰鬥ID
112	1	10	0		1	玩家的屬性
113	1	1	0		1	心得書
114	1	2	0		1	心得書使用次數
115	1	4	0		1	抽獎相關
116	1	4	0		1	送祝福活動
117	1	1	0		1	組隊的自動同意資料
118	1	9	0		1	心魔幻境
119	1	2			1	成語接龍次數
120	1	2	0		1	守衛名俠次數
121	1	1	0		0	每日禮包加嗎活動
122	1	6	0		1	打雪仗
123	1	5	0		1	堆雪人
124	1	50	0		1	銘刻石
125	1	2	0		1	比武招親
126	1	255	0		1	聊天頻道首碼，及其過期時間
127	1	10	0		1	同伴覺醒
128	1	2	0		1	年獸寶箱
129	1	1	0		1	活動限制次數箱子
130	1	2	0		1	入住家園房主，入住時間
131	1	8	0		1	冥想
132	1	30	0		0	真元打造
133	1	2	0		1	養護次數
133	3	4	0		1	協助養護次數
134	1	10	0		1	技能等級上限次數
135	1	10	0		1	擴展背包道具
136	1	2	0		1	武林大會
137	1	4	0		0	家園守衛
138	1	1	0		1	上次登入時間
139	1	10	0		1	結婚
140	1	255	0		1	經脈
141	1	255	0		1	經脈
142	1	5	0		1	經脈丹田
143	1	2	0		1	獎券數量
