UpgradeID	DESC	PlayerLevel	TimeFrame	BookLevel	BookSkillLevel	CostItem1	CostItemCount1	CostItem2	CostItemCount2
2398	秘笈·野蠻衝撞	65	OpenLevel69	100	10	2398	2	2424	200
2401	秘笈·血戰八方	70	OpenLevel69	100	10	2401	2	2424	200
2719	秘笈·金鐘罩	75	OpenLevel69	100	10	2719	2	2424	200
2402	秘笈·霸王怒吼	80	OpenLevel69	100	10	2402	2	2424	200
2720	秘笈·江海凝波	65	OpenLevel69	100	10	2720	2	2424	200
2403	秘笈·天舞寶輪	70	OpenLevel69	100	10	2403	2	2424	200
2404	秘笈·慈航普渡	75	OpenLevel69	100	10	2404	2	2424	200
2405	秘笈·白露凝霜	80	OpenLevel69	100	10	2405	2	2424	200
2409	秘笈·飛火流星	65	OpenLevel69	100	10	2409	2	2424	200
2722	秘笈·九耀連珠	70	OpenLevel69	100	10	2722	2	2424	200
2410	秘笈·火鳳燎原	75	OpenLevel69	100	10	2410	2	2424	200
2411	秘笈·穿雲破月	80	OpenLevel69	100	10	2411	2	2424	200
2721	秘笈·白虹貫日	65	OpenLevel69	100	10	2721	2	2424	200
2406	秘笈·七探蛇盤	70	OpenLevel69	100	10	2406	2	2424	200
2407	秘笈·鬥轉星移	75	OpenLevel69	100	10	2407	2	2424	200
2408	秘笈·風捲殘雲	80	OpenLevel69	100	10	2408	2	2424	200
2412	秘笈·劍飛驚天	65	OpenLevel69	100	10	2412	2	2424	200
2413	秘笈·坐忘無我	70	OpenLevel69	100	10	2413	2	2424	200
2414	秘笈·天地無極	75	OpenLevel69	100	10	2414	2	2424	200
2723	秘笈·人劍合一	80	OpenLevel69	100	10	2723	2	2424	200
2724	秘笈·死亡迴旋	65	OpenLevel69	100	10	2724	2	2424	200
2415	秘笈·魔焰在天	70	OpenLevel69	100	10	2415	2	2424	200
2416	秘笈·血月之影	75	OpenLevel69	100	10	2416	2	2424	200
2417	秘笈·攝魂亂心	80	OpenLevel69	100	10	2417	2	2424	200
2713	秘笈·降龍棍	65	OpenLevel69	100	10	2713	2	2424	200
2714	秘笈·大力金剛指	70	OpenLevel69	100	10	2714	2	2424	200
2715	秘笈·金剛伏魔	75	OpenLevel69	100	10	2715	2	2424	200
2749	秘笈·十二擒龍手	80	OpenLevel69	100	10	2749	2	2424	200
2716	秘笈·璿璣羅舞	65	OpenLevel69	100	10	2716	2	2424	200
2717	秘笈·雨打梨花	70	OpenLevel69	100	10	2717	2	2424	200
2718	秘笈·召喚啵啵	75	OpenLevel69	100	10	2718	2	2424	200
2750	秘笈·冰蹤無影	80	OpenLevel69	100	10	2750	2	2424	200
3267	秘笈·纏身刺	65	OpenLevel69	100	10	3267	2	2424	200
3268	秘笈·暴雨梨花	70	OpenLevel69	100	10	3268	2	2424	200
3269	秘笈·迷影縱	75	OpenLevel69	100	10	3269	2	2424	200
3270	秘笈·九宮飛星	80	OpenLevel69	100	10	3270	2	2424	200
3271	秘笈·仙人指路	65	OpenLevel69	100	10	3271	2	2424	200
3272	秘笈·嘯風三連擊	70	OpenLevel69	100	10	3272	2	2424	200
3273	秘笈·混沌劍陣	75	OpenLevel69	100	10	3273	2	2424	200
3274	秘笈·雷動九天	80	OpenLevel69	100	10	3274	2	2424	200
4021	秘笈·亢龍有悔	65	OpenLevel69	100	10	4021	2	2424	200
4022	秘笈·困龍功	70	OpenLevel69	100	10	4022	2	2424	200
4023	秘笈·醉蝶狂舞	75	OpenLevel69	100	10	4023	2	2424	200
4024	秘笈·龍戰於野	80	OpenLevel69	100	10	4024	2	2424	200
4025	秘笈·陰風蝕骨	65	OpenLevel69	100	10	4025	2	2424	200
4026	秘笈·召喚毒蟲	70	OpenLevel69	100	10	4026	2	2424	200
4027	秘笈·迷心蠱	75	OpenLevel69	100	10	4027	2	2424	200
4028	秘笈·萬蠱蝕心	80	OpenLevel69	100	10	4028	2	2424	200
5201	秘笈·九溪彌煙	65	OpenLevel69	100	10	5201	2	2424	200
5202	秘笈·心劍	70	OpenLevel69	100	10	5202	2	2424	200
5203	秘笈·平湖斷月	75	OpenLevel69	100	10	5203	2	2424	200
5204	秘笈·峰插雲景	80	OpenLevel69	100	10	5204	2	2424	200
5205	秘笈·平沙雁落	65	OpenLevel69	100	10	5205	2	2424	200
5206	秘笈·雲生結海	70	OpenLevel69	100	10	5206	2	2424	200
5207	秘笈·清音長嘯	75	OpenLevel69	100	10	5207	2	2424	200
5208	秘笈·江逐月天	80	OpenLevel69	100	10	5208	2	2424	200
2725	中級秘笈·野蠻衝撞	85	OpenLevel99	150	15	2398	5	2424	300
2726	中級秘笈·血戰八方	90	OpenLevel99	150	15	2401	5	2424	300
2728	中級秘笈·金鐘罩	95	OpenLevel99	150	15	2719	5	2424	300
2727	中級秘笈·霸王怒吼	100	OpenLevel99	150	15	2402	5	2424	300
2732	中級秘笈·江海凝波	85	OpenLevel99	150	15	2720	5	2424	300
2729	中級秘笈·天舞寶輪	90	OpenLevel99	150	15	2403	5	2424	300
2730	中級秘笈·慈航普渡	95	OpenLevel99	150	15	2404	5	2424	300
2731	中級秘笈·白露凝霜	100	OpenLevel99	150	15	2405	5	2424	300
2737	中級秘笈·飛火流星	85	OpenLevel99	150	15	2409	5	2424	300
2740	中級秘笈·九耀連珠	90	OpenLevel99	150	15	2722	5	2424	300
2738	中級秘笈·火鳳燎原	95	OpenLevel99	150	15	2410	5	2424	300
2739	中級秘笈·穿雲破月	100	OpenLevel99	150	15	2411	5	2424	300
2736	中級秘笈·白虹貫日	85	OpenLevel99	150	15	2721	5	2424	300
2733	中級秘笈·七探蛇盤	90	OpenLevel99	150	15	2406	5	2424	300
2734	中級秘笈·鬥轉星移	95	OpenLevel99	150	15	2407	5	2424	300
2735	中級秘笈·風捲殘雲	100	OpenLevel99	150	15	2408	5	2424	300
2741	中級秘笈·劍飛驚天	85	OpenLevel99	150	15	2412	5	2424	300
2742	中級秘笈·坐忘無我	90	OpenLevel99	150	15	2413	5	2424	300
2743	中級秘笈·天地無極	95	OpenLevel99	150	15	2414	5	2424	300
2744	中級秘笈·人劍合一	100	OpenLevel99	150	15	2723	5	2424	300
2748	中級秘笈·死亡迴旋	85	OpenLevel99	150	15	2724	5	2424	300
2745	中級秘笈·魔焰在天	90	OpenLevel99	150	15	2415	5	2424	300
2746	中級秘笈·血月之影	95	OpenLevel99	150	15	2416	5	2424	300
2747	中級秘笈·攝魂亂心	100	OpenLevel99	150	15	2417	5	2424	300
2751	中級秘笈·降龍棍	85	OpenLevel99	150	15	2713	5	2424	300
2752	中級秘笈·大力金剛指	90	OpenLevel99	150	15	2714	5	2424	300
2753	中級秘笈·金剛伏魔	95	OpenLevel99	150	15	2715	5	2424	300
2754	中級秘笈·十二擒龍手	100	OpenLevel99	150	15	2749	5	2424	300
2755	中級秘笈·璿璣羅舞	85	OpenLevel99	150	15	2716	5	2424	300
2756	中級秘笈·雨打梨花	90	OpenLevel99	150	15	2717	5	2424	300
2757	中級秘笈·召喚啵啵	95	OpenLevel99	150	15	2718	5	2424	300
2758	中級秘笈·冰蹤無影	100	OpenLevel99	150	15	2750	5	2424	300
3275	中級秘笈·纏身刺	85	OpenLevel99	150	15	3267	5	2424	300
3276	中級秘笈·暴雨梨花	90	OpenLevel99	150	15	3268	5	2424	300
3277	中級秘笈·迷影縱	95	OpenLevel99	150	15	3269	5	2424	300
3278	中級秘笈·九宮飛星	100	OpenLevel99	150	15	3270	5	2424	300
3279	中級秘笈·仙人指路	85	OpenLevel99	150	15	3271	5	2424	300
3280	中級秘笈·嘯風三連擊	90	OpenLevel99	150	15	3272	5	2424	300
3281	中級秘笈·混沌劍陣	95	OpenLevel99	150	15	3273	5	2424	300
3282	中級秘笈·雷動九天	100	OpenLevel99	150	15	3274	5	2424	300
4029	中級秘笈·亢龍有悔	85	OpenLevel99	150	15	4021	5	2424	300
4030	中級秘笈·困龍功	90	OpenLevel99	150	15	4022	5	2424	300
4031	中級秘笈·醉蝶狂舞	95	OpenLevel99	150	15	4023	5	2424	300
4032	中級秘笈·龍戰於野	100	OpenLevel99	150	15	4024	5	2424	300
4033	中級秘笈·陰風蝕骨	85	OpenLevel99	150	15	4025	5	2424	300
4034	中級秘笈·召喚毒蟲	90	OpenLevel99	150	15	4026	5	2424	300
4035	中級秘笈·迷心蠱	95	OpenLevel99	150	15	4027	5	2424	300
4036	中級秘笈·萬蠱蝕心	100	OpenLevel99	150	15	4028	5	2424	300
5209	中級秘笈·九溪彌煙	85	OpenLevel99	150	15	5201	5	2424	300
5210	中級秘笈·心劍	90	OpenLevel99	150	15	5202	5	2424	300
5211	中級秘笈·平湖斷月	95	OpenLevel99	150	15	5203	5	2424	300
5212	中級秘笈·峰插雲景	100	OpenLevel99	150	15	5204	5	2424	300
5213	中級秘笈·平沙雁落	85	OpenLevel99	150	15	5205	5	2424	300
5214	中級秘笈·雲生結海	90	OpenLevel99	150	15	5206	5	2424	300
5215	中級秘笈·清音長嘯	95	OpenLevel99	150	15	5207	5	2424	300
5216	中級秘笈·江逐月天	100	OpenLevel99	150	15	5208	5	2424	300
