EquipItem	WaiYiItem	Cost	TimeOut	Desc
61	2570	150000		T1衣服
62	2571	150000		T2衣服
63	2572	150000		T3衣服
64	2573	150000		T4衣服
65	2574	150000		T5衣服
66	2575	150000		T6衣服
67	2576	150000		T7衣服
68	2577	150000		T8衣服
69	2578	150000		T9衣服
70	2579	150000		T10衣服
4961	5269	150000		T11衣服
161	2570	150000		T1【稀有】衣服
162	2571	150000		T2【稀有】衣服
163	2572	150000		T3【稀有】衣服
164	2573	150000		T4【稀有】衣服
165	2574	150000		T5【稀有】衣服
166	2575	150000		T6【稀有】衣服
167	2576	150000		T7【稀有】衣服
168	2577	150000		T8【稀有】衣服
169	2578	150000		T9【稀有】衣服
170	2579	150000		T10【稀有】衣服
5061	5269	150000		T11【稀有】衣服
1570	2570	150000		T1【传承】衣服
1571	2571	150000		T2【传承】衣服
1572	2572	150000		T3【传承】衣服
1573	2573	150000		T4【传承】衣服
1574	2574	150000		T5【传承】衣服
1575	2575	150000		T6【传承】衣服
1576	2576	150000		T7【传承】衣服
1577	2577	150000		T8【传承】衣服
3611	2578	150000		T9【传承】衣服
3612	2579	150000		T10【传承】衣服
5161	5269	150000		T11【传承】衣服
1252	2570	150000		T1衣服（定制）
1529	2570	150000		T1衣服（定制）
2667	2512			T1外装
2681	2516		604800	T1外装，首充赠送
2700	2580			新手装
2706	2702			T2外装
3310	3259			T3外装
3311	3263			T4外装
3864	3870			T5外装
6344	6288			T5时装天王（黑帮）
6345	6292			T5时装峨眉（黑帮）
6346	6296			T5时装桃花（黑帮）
6347	6300			T5时装逍遥（黑帮）
6348	6304			T5时装武当（黑帮）
6349	6308			T5时装天忍（黑帮）
6350	6312			T5时装少林（黑帮）
6351	6316			T5时装翠烟（黑帮）
6352	6320			T5时装唐门（黑帮）
6353	6324			T5时装昆仑（黑帮）
6354	6328			T5时装丐帮（黑帮）
6355	6332			T5时装五毒（黑帮）
6356	6336			T5时装藏剑（黑帮）
6357	6340			T5时装长歌（黑帮）
4508	4243			T6外装天王·华贵
4509	4370			T6外装峨眉·华贵
4510	4371			T6外装桃花·华贵
4511	4372			T6外装逍遥·华贵
4512	4373			T6外装武当·华贵
4513	4374			T6外装天忍·华贵
4514	4375			T6外装少林·华贵
4515	4376			T6外装翠烟·华贵
4516	4377			T6外装唐门·华贵
4517	4378			T6外装昆仑·华贵
4518	4379			T6外装丐帮·华贵
4519	4380			T6外装五毒·华贵
4448	3874			T6外装天王
4449	4326			T6外装峨眉
4450	4330			T6外装桃花
4451	4334			T6外装逍遥
4452	4338			T6外装武当
4453	4342			T6外装天忍
4454	4346			T6外装少林
4455	4350			T6外装翠烟
4456	4354			T6外装唐门
4457	4358			T6外装昆仑
4458	4362			T6外装丐帮
4459	4366			T6外装五毒
6204	5259			T6外装藏剑
6205	5263			T6外装长歌
5969	3878			【天王】浮光·梦羽
5970	5863			【峨眉】浮光·梦缘
5971	5867			【桃花】浮光·梦蝶
5972	5871			【逍遥】浮光·梦羽
5973	5875			【武当】浮光·梦缘
5974	5879			【天忍】浮光·梦羽
5975	5883			【少林】浮光·梦缘
5976	5887			【翠烟】浮光·梦蝶
5977	5891			【唐门】浮光·梦羽
5978	5895			【昆仑】浮光·梦缘
5979	5899			【丐帮】浮光·梦缘
5980	5903			【五毒】浮光·梦蝶
5981	5907			【藏剑】浮光·梦缘
5982	5911			【长歌】浮光·梦缘
3569	3568		15552000	艺趣·盛典华服
3645	3568		604800	艺趣·盛典华服（7天）
4745	4743		259200	周年庆典华服·3天
4891	4892			周年庆典华服
3895	3896		604800	江湖侠少装(7天)
4493	2516		259200	T1时装·3天
4494	2516		604800	T1时装·7天
4495	2516		2592000	T1时装·30天
4496	4481		259200	T2时装·3天
4497	4481		604800	T2时装·7天
4498	4481		2592000	T2时装·30天
4499	4484		259200	T3时装·3天
4500	4484		604800	T3时装·7天
4501	4484		2592000	T3时装·30天
4502	4487		259200	T4时装·3天
4503	4487		604800	T4时装·7天
4504	4487		2592000	T4时装·30天
4505	4490		259200	T5时装·3天
4506	4490		604800	T5时装·7天
4507	4490		2592000	T5时装·30天
4760	4772		5184000	【天王】T6时装·60天
4761	4773		5184000	【峨眉】T6时装·60天
4762	4774		5184000	【桃花】T6时装·60天
4763	4775		5184000	【逍遥】T6时装·60天
4764	4776		5184000	【武当】T6时装·60天
4765	4777		5184000	【天忍】T6时装·60天
4766	4778		5184000	【少林】T6时装·60天
4767	4779		5184000	【翠烟】T6时装·60天
4768	4780		5184000	【唐门】T6时装·60天
4769	4781		5184000	【昆仑】T6时装·60天
4770	4782		5184000	【丐帮】T6时装·60天
4771	4783		5184000	【五毒】T6时装·60天
1	3249	300000		T1武器
2	3250	300000		T2武器
3	3251	300000		T3武器
4	3252	300000		T4武器
5	3253	300000		T5武器
6	3254	300000		T6武器
7	3255	300000		T7武器
8	3256	300000		T8武器
9	3257	300000		T9武器
10	3258	300000		T10武器
4901	5311	300000		T11武器
101	3249	300000		T1【稀有】武器
102	3250	300000		T2【稀有】武器
103	3251	300000		T3【稀有】武器
104	3252	300000		T4【稀有】武器
105	3253	300000		T5【稀有】武器
106	3254	300000		T6【稀有】武器
107	3255	300000		T7【稀有】武器
108	3256	300000		T8【稀有】武器
109	3257	300000		T9【稀有】武器
110	3258	300000		T10【稀有】武器
5001	5311	300000		T11【稀有】武器
1530	3249	300000		T1【传承】武器
1531	3250	300000		T2【传承】武器
1532	3251	300000		T3【传承】武器
1533	3252	300000		T4【传承】武器
1534	3253	300000		T5【传承】武器
1535	3254	300000		T6【传承】武器
1536	3255	300000		T7【传承】武器
1537	3256	300000		T8【传承】武器
3599	3257	300000		T9【传承】武器
3600	3258	300000		T10【传承】武器
5101	5311	300000		T11【传承】武器
1246	3249	300000		T1武器（定制）
4738	4735		2592000	寒霜（外装30天）
4739	4736		2592000	寒霜倩影（外装30天）
4740	4737		2592000	小黑（外装30天）
4863	4865		31536000	紫幽灵鹿（外装1年）
4864	4866		31536000	云魅灵鹿（外装1年）
4869	4868		31536000	星芒·云魅灵鹿（外装1年）
4746	3933			【天王】流星水果锤
4747	4381			【峨眉】蔷薇风霜剑
4748	4385			【桃花】晴天落花弓
4749	4389			【逍遥】飞天流彗枪
4750	4393			【武当】太岳金桔剑
4751	4397			【天忍】破月春花刺
4752	4401			【少林】扶风破梦杖
4753	4405			【翠烟】梦幻芙蕖枝
4754	4409			【唐门】神弩木生花
4755	4413			【昆仑】桃花笑春风
4756	4417			【丐帮】翠玉青竹杖
4757	4421			【五毒】苗疆朝颜笛
6206	5351			【藏剑】冷杉翠芽枝
6207	5355			【长歌】摇曳百合束
