EquipItem	WaiYiItem	Cost	TimeOut	Desc
61	2570	150000		T1衣服
62	2571	150000		T2衣服
63	2572	150000		T3衣服
64	2573	150000		T4衣服
65	2574	150000		T5衣服
66	2575	150000		T6衣服
67	2576	150000		T7衣服
68	2577	150000		T8衣服
69	2578	150000		T9衣服
70	2579	150000		T10衣服
4961	5269	150000		T11衣服
161	2570	150000		T1【稀有】衣服
162	2571	150000		T2【稀有】衣服
163	2572	150000		T3【稀有】衣服
164	2573	150000		T4【稀有】衣服
165	2574	150000		T5【稀有】衣服
166	2575	150000		T6【稀有】衣服
167	2576	150000		T7【稀有】衣服
168	2577	150000		T8【稀有】衣服
169	2578	150000		T9【稀有】衣服
170	2579	150000		T10【稀有】衣服
5061	5269	150000		T11【稀有】衣服
1570	2570	150000		T1【傳承】衣服
1571	2571	150000		T2【传承】衣服
1572	2572	150000		T3【传承】衣服
1573	2573	150000		T4【传承】衣服
1574	2574	150000		T5【传承】衣服
1575	2575	150000		T6【传承】衣服
1576	2576	150000		T7【传承】衣服
1577	2577	150000		T8【传承】衣服
3611	2578	150000		T9【傳承】衣服
3612	2579	150000		T10【傳承】衣服
5161	5269	150000		T11【傳承】衣服
1252	2570	150000		T1衣服（訂製）
1529	2570	150000		T1衣服（訂製）
2667	2512			T1外裝
2681	2516		604800	T1外裝，首儲贈送
2700	2580			新手裝
2706	2702			T2外裝
3310	3259			T3外裝
3311	3263			T4外裝
3864	3870			T5外裝
6344	6288			T5時裝天王（黑幫）
6345	6292			T5時裝峨眉（黑幫）
6346	6296			T5時裝桃花（黑幫）
6347	6300			T5時裝逍遙（黑幫）
6348	6304			T5時裝武當（黑幫）
6349	6308			T5時裝天忍（黑幫）
6350	6312			T5時裝少林（黑幫）
6351	6316			T5時裝翠煙（黑幫）
6352	6320			T5時裝唐門（黑幫）
6353	6324			T5時裝昆侖（黑幫）
6354	6328			T5時裝丐幫（黑幫）
6355	6332			T5時裝五毒（黑幫）
6356	6336			T5時裝藏劍（黑幫）
6357	6340			T5時裝長歌（黑幫）
4508	4243			T6外裝天王·華貴
4509	4370			T6外裝峨眉·華貴
4510	4371			T6外裝桃花·華貴
4511	4372			T6外裝逍遙·華貴
4512	4373			T6外裝武當·華貴
4513	4374			T6外裝天忍·華貴
4514	4375			T6外裝少林·華貴
4515	4376			T6外裝翠煙·華貴
4516	4377			T6外裝唐門·華貴
4517	4378			T6外裝昆侖·華貴
4518	4379			T6外裝丐幫·華貴
4519	4380			T6外裝五毒·華貴
4448	3874			T6外裝天王
4449	4326			T6外裝峨眉
4450	4330			T6外裝桃花
4451	4334			T6外裝逍遙
4452	4338			T6外裝武當
4453	4342			T6外裝天忍
4454	4346			T6外裝少林
4455	4350			T6外裝翠煙
4456	4354			T6外裝唐門
4457	4358			T6外裝昆侖
4458	4362			T6外裝丐幫
4459	4366			T6外裝五毒
6204	5259			T6外裝藏劍
6205	5263			T6外裝長歌
5969	3878			【天王】浮光·夢羽
5970	5863			【峨眉】浮光·夢緣
5971	5867			【桃花】浮光·夢蝶
5972	5871			【逍遙】浮光·夢羽
5973	5875			【武當】浮光·夢緣
5974	5879			【天忍】浮光·夢羽
5975	5883			【少林】浮光·夢緣
5976	5887			【翠煙】浮光·夢蝶
5977	5891			【唐門】浮光·夢羽
5978	5895			【昆侖】浮光·夢緣
5979	5899			【丐幫】浮光·夢緣
5980	5903			【五毒】浮光·夢蝶
5981	5907			【藏劍】浮光·夢緣
5982	5911			【長歌】浮光·夢緣
3569	3568		15552000	藝趣·盛典華服
3645	3568		604800	藝趣·盛典華服（7天）
4745	4743		259200	周年慶典華服·3天
4891	4892			周年慶典華服
3895	3896		604800	江湖俠少裝(7天)
4493	2516		259200	T1時裝·3天
4494	2516		604800	T1時裝·7天
4495	2516		2592000	T1時裝·30天
4496	4481		259200	T2時裝·3天
4497	4481		604800	T2時裝·7天
4498	4481		2592000	T2時裝·30天
4499	4484		259200	T3時裝·3天
4500	4484		604800	T3時裝·7天
4501	4484		2592000	T3時裝·30天
4502	4487		259200	T4時裝·3天
4503	4487		604800	T4時裝·7天
4504	4487		2592000	T4時裝·30天
4505	4490		259200	T5時裝·3天
4506	4490		604800	T5時裝·7天
4507	4490		2592000	T5時裝·30天
4760	4772		5184000	【天王】T6時裝·60天
4761	4773		5184000	【峨眉】T6時裝·60天
4762	4774		5184000	【桃花】T6時裝·60天
4763	4775		5184000	【逍遙】T6時裝·60天
4764	4776		5184000	【武當】T6時裝·60天
4765	4777		5184000	【天忍】T6時裝·60天
4766	4778		5184000	【少林】T6時裝·60天
4767	4779		5184000	【翠煙】T6時裝·60天
4768	4780		5184000	【唐門】T6時裝·60天
4769	4781		5184000	【昆侖】T6時裝·60天
4770	4782		5184000	【丐幫】T6時裝·60天
4771	4783		5184000	【五毒】T6時裝·60天
1	3249	300000		T1武器
2	3250	300000		T2武器
3	3251	300000		T3武器
4	3252	300000		T4武器
5	3253	300000		T5武器
6	3254	300000		T6武器
7	3255	300000		T7武器
8	3256	300000		T8武器
9	3257	300000		T9武器
10	3258	300000		T10武器
4901	5311	300000		T11武器
101	3249	300000		T1【稀有】武器
102	3250	300000		T2【稀有】武器
103	3251	300000		T3【稀有】武器
104	3252	300000		T4【稀有】武器
105	3253	300000		T5【稀有】武器
106	3254	300000		T6【稀有】武器
107	3255	300000		T7【稀有】武器
108	3256	300000		T8【稀有】武器
109	3257	300000		T9【稀有】武器
110	3258	300000		T10【稀有】武器
5001	5311	300000		T11【稀有】武器
1530	3249	300000		T1【傳承】武器
1531	3250	300000		T2【傳承】武器
1532	3251	300000		T3【傳承】武器
1533	3252	300000		T4【傳承】武器
1534	3253	300000		T5【傳承】武器
1535	3254	300000		T6【傳承】武器
1536	3255	300000		T7【傳承】武器
1537	3256	300000		T8【傳承】武器
3599	3257	300000		T9【傳承】武器
3600	3258	300000		T10【傳承】武器
5101	5311	300000		T11【傳承】武器
1246	3249	300000		T1武器（訂製）
4738	4735		2592000	寒霜（外裝30天）
4739	4736		2592000	寒霜倩影（外裝30天）
4740	4737		2592000	小黑（外裝30天）
4863	4865		31536000	紫幽靈鹿（外裝1年）
4864	4866		31536000	雲魅靈鹿（外裝1年）
4869	4868		31536000	星芒·雲魅靈鹿（外裝1年）
4746	3933			【天王】流星水果錘
4747	4381			【峨眉】薔薇風霜劍
4748	4385			【桃花】晴天落花弓
4749	4389			【逍遙】飛天流彗槍
4750	4393			【武當】太岳金桔劍
4751	4397			【天忍】破月春花刺
4752	4401			【少林】扶風破夢杖
4753	4405			【翠煙】夢幻芙蕖枝
4754	4409			【唐門】神弩木生花
4755	4413			【昆侖】桃花笑春風
4756	4417			【丐幫】翠玉青竹杖
4757	4421			【五毒】苗疆朝顏笛
6206	5351			【藏劍】冷杉翠芽枝
6207	5355			【長歌】搖曳百合束
